 1.512 1.421 1.317 1.206 1.092 0.979 0.868 0.762                                                                                                                                                                                                      
 1.727 1.619 1.496 1.364 1.230 1.100 0.975 0.858 0.747                                                                                                                                                                                                
 1.966 1.840 1.696 1.541 1.384 1.232 1.089 0.957 0.836                                                                                                                                                                                                
 2.210 2.072 1.912 1.736 1.555 1.377 1.212 1.062 0.927 0.804 0.692                                                                                                                                                                                    
 2.442 2.298 2.129 1.941 1.740 1.539 1.348 1.175 1.023 0.887 0.766 0.656                                                                                                                                                                              
 2.653 2.506 2.335 2.141 1.930 1.711 1.496 1.299 1.125 0.974 0.841 0.723 0.616                                                                                                                                                                        
 2.839 2.692 2.522 2.329 2.116 1.887 1.655 1.434 1.235 1.065 0.919 0.791 0.677 0.574                                                                                                                                                                  
 3.000 2.856 2.689 2.500 2.289 2.059 1.817 1.578 1.356 1.163 1.000 0.861 0.739 0.630 0.531                                                                                                                                                            
 3.140 2.986 2.834 2.653 2.447 2.220 1.976 1.726 1.485 1.269 1.086 0.933 0.801 0.686 0.583                                                                                                                                                            
 3.261 3.088 2.952 2.785 2.589 2.368 2.127 1.873 1.619 1.382 1.178 1.008 0.865 0.742 0.634 0.536                                                                                                                                                      
 3.366 3.164 3.045 2.896 2.714 2.502 2.267 2.015 1.754 1.502 1.277 1.087 0.931 0.799 0.685 0.583 0.489                                                                                                                                                
 3.458 3.222 3.118 2.986 2.821 2.622 2.396 2.148 1.887 1.625 1.381 1.172 1.000 0.857 0.736 0.629 0.533                                                                                                                                                
 3.539 3.266 3.174 3.058 2.910 2.727 2.512 2.271 2.013 1.748 1.491 1.262 1.072 0.917 0.787 0.675 0.575 0.484                                                                                                                                          
 3.611 3.300 3.218 3.115 2.983 2.817 2.616 2.385 2.132 1.876 1.602 1.357 1.149 0.979 0.840 0.721 0.617 0.524                                                                                                                                          
 3.674 3.327 3.254 3.161 3.043 2.893 2.708 2.488 2.243 1.981 1.713 1.456 1.230 1.045 0.894 0.768 0.659 0.562 0.475                                                                                                                                    
 3.731 3.349 3.282 3.199 3.092 2.957 2.787 2.581 2.345 2.089 1.821 1.556 1.316 1.113 0.950 0.815 0.701 0.600 0.510                                                                                                                                    
 3.782 3.367 3.306 3.229 3.133 3.011 2.855 2.664 2.438 2.189 1.925 1.664 1.404 1.185 1.008 0.863 0.743 0.638 0.546 0.461                                                                                                                              
 3.828 3.382 3.325 3.255 3.167 3.055 2.914 2.736 2.524 2.283 2.023 1.755 1.494 1.261 1.068 0.913 0.785 0.676 0.580 0.494                                                                                                                              
 3.870 3.395 3.342 3.277 3.196 3.093 2.964 2.800 2.600 2.369 2.116 1.850 1.584 1.339 1.132 0.964 0.828 0.714 0.615 0.526 0.445                                                                                                                        
 3.908 3.405 3.356 3.295 3.220 3.126 3.006 2.855 2.669 2.448 2.202 1.940 1.673 1.420 1.198 1.018 0.873 0.752 0.649 0.557 0.475                                                                                                                        
 3.943 3.415 3.367 3.311 3.241 3.153 3.043 2.904 2.730 2.521 2.283 2.026 1.760 1.501 1.267 1.073 0.918 0.791 0.683 0.589 0.504 0.427                                                                                                                  
 3.975 3.423 3.378 3.324 3.259 3.177 3.075 2.946 2.784 2.586 2.358 2.107 1.844 1.581 1.338 1.131 0.965 0.830 0.717 0.620 0.533 0.454                                                                                                                  
 4.004 3.430 3.387 3.336 3.274 3.198 3.103 2.983 2.831 2.646 2.427 2.183 1.924 1.661 1.410 1.191 1.013 0.870 0.752 0.651 0.562 0.481 0.407                                                                                                            
 4.031 3.436 3.395 3.346 3.288 3.216 3.127 3.015 2.874 2.699 2.491 2.254 2.000 1.738 1.483 1.253 1.063 0.911 0.787 0.681 0.590 0.508 0.433                                                                                                            
 4.056 3.441 3.402 3.356 3.300 3.233 3.149 3.043 2.911 2.747 2.549 2.321 2.072 1.813 1.555 1.317 1.115 0.953 0.822 0.712 0.618 0.534 0.458 0.387                                                                                                      
 4.079 3.446 3.408 3.364 3.311 3.247 3.168 3.069 2.945 2.790 2.602 2.383 2.140 1.884 1.626 1.381 1.169 0.996 0.858 0.744 0.646 0.560 0.482 0.411                                                                                                      
 4.101 3.450 3.414 3.371 3.321 3.259 3.184 3.091 2.974 2.829 2.651 2.440 2.205 1.953 1.695 1.446 1.224 1.041 0.895 0.775 0.674 0.585 0.506 0.434 0.366                                                                                                
 4.121 3.454 3.419 3.378 3.329 3.271 3.200 3.111 3.001 2.864 2.695 2.494 2.265 2.018 1.762 1.510 1.281 1.088 0.932 0.807 0.702 0.611 0.530 0.456 0.388                                                                                                
 4.140 3.458 3.423 3.384 3.337 3.281 3.213 3.129 3.025 2.895 2.735 2.543 2.321 2.080 1.827 1.574 1.338 1.135 0.971 0.839 0.730 0.636 0.553 0.478 0.410                                                                                                
 4.157 3.461 3.428 3.389 3.344 3.290 3.225 3.145 3.047 2.923 2.771 2.588 2.374 2.138 1.889 1.636 1.396 1.184 1.011 0.872 0.758 0.661 0.576 0.500 0.431 0.366                                                                                          
 4.174 3.464 3.431 3.394 3.350 3.299 3.236 3.160 3.066 2.949 2.805 2.629 2.424 2.194 1.948 1.697 1.453 1.234 1.052 0.905 0.786 0.686 0.599 0.522 0.451 0.386                                                                                          
 4.189 3.466 3.435 3.399 3.356 3.306 3.246 3.173 3.084 2.972 2.835 2.668 2.470 2.246 2.005 1.756 1.510 1.285 1.094 0.939 0.815 0.711 0.622 0.543 0.471 0.405 0.344                                                                                    
 4.204 3.469 3.438 3.403 3.362 3.313 3.256 3.186 3.100 2.994 2.863 2.703 2.513 2.296 2.059 1.813 1.566 1.336 1.137 0.975 0.844 0.737 0.645 0.564 0.491 0.424 0.363                                                                                    
 4.218 3.471 3.441 3.406 3.367 3.320 3.264 3.197 3.114 3.013 2.888 2.735 2.552 2.342 2.111 1.867 1.621 1.387 1.181 1.010 0.874 0.762 0.667 0.585 0.511 0.443 0.381                                                                                    
 4.231 3.473 3.444 3.410 3.371 3.326 3.272 3.207 3.128 3.031 2.911 2.765 2.589 2.386 2.160 1.920 1.675 1.438 1.225 1.047 0.904 0.788 0.690 0.605 0.530 0.462 0.399 0.340                                                                              
 4.243 3.475 3.446 3.413 3.375 3.331 3.279 3.216 3.140 3.047 2.933 2.793 2.624 2.427 2.206 1.970 1.727 1.489 1.270 1.085 0.935 0.814 0.713 0.626 0.549 0.480 0.416 0.357                                                                              
 4.255 3.477 3.448 3.416 3.379 3.336 3.286 3.225 3.152 3.062 2.952 2.818 2.656 2.465 2.250 2.019 1.778 1.539 1.316 1.123 0.966 0.840 0.736 0.646 0.568 0.498 0.433 0.373                                                                              
 4.266 3.478 3.451 3.419 3.383 3.341 3.292 3.233 3.162 3.076 2.970 2.841 2.685 2.501 2.292 2.065 1.827 1.588 1.361 1.162 0.999 0.867 0.759 0.667 0.587 0.515 0.450 0.390 0.333                                                                        
 4.276 3.480 3.453 3.422 3.386 3.345 3.297 3.240 3.172 3.089 2.987 2.863 2.713 2.535 2.332 2.109 1.874 1.635 1.407 1.202 1.031 0.894 0.782 0.687 0.606 0.533 0.467 0.406 0.349                                                                        
 4.286 3.481 3.454 3.424 3.389 3.349 3.303 3.247 3.181 3.100 3.003 2.883 2.739 2.567 2.369 2.151 1.919 1.682 1.452 1.242 1.065 0.921 0.805 0.708 0.624 0.550 0.483 0.422 0.365                                                                        
 4.296 3.483 3.456 3.426 3.392 3.353 3.308 3.254 3.189 3.111 3.017 2.902 2.763 2.597 2.405 2.191 1.962 1.727 1.496 1.282 1.099 0.950 0.829 0.729 0.643 0.567 0.499 0.437 0.380                                                                        
 4.305 3.484 3.458 3.429 3.395 3.357 3.312 3.260 3.197 3.122 3.030 2.919 2.785 2.624 2.438 2.229 2.004 1.771 1.540 1.323 1.134 0.978 0.853 0.749 0.661 0.584 0.515 0.452 0.394  0.34                                                                  
 4.313 3.485 3.459 3.431 3.398 3.360 3.316 3.265 3.204 3.131 3.043 2.936 2.806 2.651 2.469 2.265 2.044 1.814 1.583 1.363 1.169 1.007 0.877 0.770 0.680 0.601 0.531 0.468 0.409  0.35                                                                  
 4.322 3.486 3.461 3.432 3.400 3.363 3.321 3.270 3.211 3.140 3.054 2.951 2.825 2.675 2.499 2.300 2.083 1.855 1.625 1.403 1.204 1.037 0.901 0.791 0.698 0.618 0.547 0.482 0.423  0.37                                                                  
 4.330 3.487 3.462 3.434 3.403 3.366 3.324 3.275 3.218 3.148 3.065 2.965 2.843 2.698 2.527 2.333 2.120 1.895 1.666 1.443 1.240 1.067 0.926 0.812 0.717 0.635 0.562 0.497 0.437  0.38 0.330                                                            
 4.337 3.488 3.464 3.436 3.405 3.369 3.328 3.280 3.224 3.156 3.075 2.978 2.860 2.720 2.554 2.364 2.155 1.933 1.706 1.482 1.276 1.097 0.952 0.833 0.735 0.651 0.578 0.512 0.451  0.40 0.343                                                            
 4.344 3.489 3.465 3.437 3.407 3.372 3.331 3.284 3.229 3.164 3.085 2.990 2.876 2.740 2.579 2.394 2.189 1.970 1.744 1.521 1.311 1.128 0.977 0.855 0.754 0.668 0.593 0.526 0.465  0.41 0.356                                                            
 4.351 3.490 3.466 3.439 3.409 3.374 3.335 3.289 3.235 3.171 3.094 3.002 2.891 2.759 2.603 2.422 2.221 2.005 1.782 1.559 1.347 1.160 1.003 0.877 0.773 0.685 0.608 0.540 0.479  0.42 0.369 0.319                                                      
 4.358 3.491 3.467 3.440 3.411 3.377 3.338 3.292 3.240 3.177 3.103 3.013 2.906 2.777 2.625 2.449 2.252 2.040 1.818 1.596 1.382 1.191 1.030 0.899 0.791 0.701 0.623 0.554 0.492  0.44 0.382 0.332                                                      
 4.365 3.492 3.468 3.442 3.412 3.379 3.340 3.296 3.244 3.183 3.111 3.023 2.919 2.794 2.646 2.475 2.282 2.073 1.854 1.632 1.418 1.223 1.057 0.921 0.810 0.718 0.638 0.568 0.505  0.45 0.394 0.344                                                      
 4.371 3.492 3.469 3.443 3.414 3.381 3.343 3.300 3.249 3.189 3.118 3.033 2.932 2.810 2.666 2.499 2.310 2.104 1.888 1.667 1.452 1.254 1.084 0.944 0.829 0.735 0.653 0.582 0.518  0.46 0.406 0.356 0.308                                                
 4.377 3.493 3.470 3.444 3.416 3.383 3.346 3.303 3.253 3.195 3.125 3.042 2.943 2.825 2.685 2.522 2.337 2.135 1.921 1.702 1.486 1.286 1.111 0.966 0.849 0.751 0.668 0.596 0.531  0.47 0.418 0.367 0.320                                                
 4.382 3.494 3.471 3.445 3.417 3.385 3.348 3.306 3.257 3.200 3.132 3.051 2.955 2.839 2.703 2.544 2.363 2.164 1.953 1.736 1.520 1.318 1.139 0.990 0.868 0.768 0.683 0.610 0.544  0.48 0.430 0.379 0.331                                                
 4.388 3.495 3.472 3.447 3.418 3.387 3.351 3.309 3.261 3.205 3.138 3.059 2.965 2.853 2.720 2.565 2.388 2.192 1.984 1.768 1.553 1.349 1.167 1.013 0.888 0.785 0.698 0.623 0.557  0.50 0.441 0.390 0.342 0.297                                          
 4.393 3.495 3.473 3.448 3.420 3.388 3.353 3.312 3.265 3.209 3.144 3.067 2.975 2.866 2.736 2.585 2.411 2.219 2.014 1.800 1.586 1.380 1.195 1.037 0.908 0.802 0.713 0.637 0.569  0.51 0.453 0.401 0.353 0.307                                          
 4.398 3.496 3.473 3.449 3.421 3.390 3.355 3.315 3.268 3.214 3.150 3.075 2.985 2.878 2.752 2.604 2.434 2.245 2.042 1.831 1.617 1.411 1.223 1.061 0.928 0.819 0.728 0.651 0.582  0.52 0.464 0.412 0.364 0.318                                          
 4.403 3.496 3.474 3.450 3.422 3.392 3.357 3.317 3.272 3.218 3.156 3.082 2.994 2.890 2.766 2.622 2.456 2.271 2.070 1.861 1.648 1.441 1.251 1.085 0.948 0.836 0.744 0.664 0.594  0.53 0.475 0.423 0.374 0.328 0.285                                    
 4.408 3.497 3.475 3.451 3.424 3.393 3.359 3.320 3.275 3.222 3.161 3.088 3.003 2.901 2.780 2.639 2.476 2.295 2.097 1.890 1.679 1.472 1.279 1.110 0.969 0.854 0.759 0.678 0.607  0.54 0.486 0.434 0.385 0.339 0.295                                    
                         3.425 3.395 3.361 3.322 3.278 3.226 3.166 3.095 3.011 2.911 2.793 2.655 2.496 2.318 2.123 1.918 1.708 1.501 1.306 1.134 0.990 0.871 0.774 0.691 0.619  0.56 0.497 0.444 0.395 0.349 0.305                                    
                               3.396 3.363 3.325 3.281 3.230 3.171 3.101 3.019 2.921 2.806 2.671 2.515 2.340 2.148 1.945 1.737 1.530 1.334 1.159 1.011 0.889 0.789 0.705 0.631  0.57 0.508 0.455 0.405 0.359 0.315                                    
                                     3.364 3.327 3.283 3.233 3.175 3.107 3.026 2.930 2.818 2.686 2.533 2.361 2.172 1.972 1.765 1.559 1.362 1.184 1.032 0.907 0.804 0.718 0.644  0.58 0.519 0.465 0.415 0.368 0.324 0.282                              
                                           3.329 3.286 3.237 3.179 3.112 3.033 2.940 2.829 2.700 2.551 2.382 2.196 1.998 1.793 1.587 1.389 1.208 1.053 0.925 0.820 0.732 0.656  0.59 0.529 0.475 0.425 0.378 0.334 0.292                              
                                                 3.289 3.240 3.184 3.118 3.040 2.948 2.840 2.714 2.567 2.401 2.218 2.023 1.819 1.614 1.416 1.233 1.075 0.943 0.835 0.745 0.668  0.60 0.540 0.485 0.434 0.387 0.343 0.301                              
                                                       3.243 3.188 3.123 3.046 2.956 2.851 2.727 2.583 2.420 2.240 2.047 1.845 1.641 1.442 1.258 1.096 0.961 0.851 0.759 0.680  0.61 0.551 0.495 0.444 0.397 0.352 0.310                              
                                                             3.191 3.128 3.053 2.964 2.861 2.739 2.598 2.438 2.261 2.070 1.870 1.668 1.468 1.282 1.118 0.980 0.866 0.772 0.692  0.62 0.561 0.505 0.454 0.406 0.361 0.319 0.279                        
                                                             3.195 3.132 3.058 2.972 2.870 2.751 2.613 2.456 2.281 2.093 1.895 1.693 1.494 1.307 1.140 0.999 0.882 0.786 0.705  0.63 0.571 0.515 0.463 0.415 0.370 0.328 0.288                        
                                                                   3.137 3.064 2.979 2.879 2.762 2.627 2.473 2.301 2.115 1.919 1.718 1.520 1.331 1.162 1.017 0.898 0.800 0.717  0.65 0.581 0.524 0.472 0.424 0.379 0.336 0.296                        
                                                                   3.141 3.070 2.986 2.888 2.773 2.641 2.489 2.320 2.136 1.942 1.743 1.545 1.355 1.184 1.036 0.914 0.813 0.729  0.66 0.592 0.534 0.481 0.433 0.388 0.345 0.305                        
                                                                         3.075 2.993 2.896 2.784 2.653 2.505 2.338 2.157 1.965 1.767 1.569 1.379 1.206 1.055 0.930 0.827 0.741  0.67 0.602 0.543 0.490 0.442 0.396 0.353 0.313 0.274                  
                                                                         3.080 2.999 2.904 2.794 2.666 2.520 2.356 2.176 1.986 1.790 1.593 1.403 1.227 1.075 0.947 0.841 0.753  0.68 0.612 0.553 0.499 0.450 0.404 0.362 0.321 0.282                  
                                                                               3.005 2.912 2.804 2.678 2.534 2.373 2.196 2.008 1.813 1.617 1.426 1.249 1.094 0.963 0.855 0.765  0.69 0.622 0.562 0.508 0.459 0.413 0.370 0.329 0.290                  
                                                                               3.011 2.920 2.813 2.689 2.548 2.389 2.215 2.028 1.835 1.640 1.449 1.271 1.113 0.980 0.869 0.778  0.70 0.632 0.572 0.517 0.467 0.421 0.378 0.337 0.298 0.261            
                                                                                     2.927 2.822 2.700 2.561 2.405 2.233 2.049 1.857 1.663 1.472 1.292 1.132 0.996 0.883 0.790  0.71 0.642 0.581 0.526 0.476 0.429 0.386 0.345 0.306 0.269            
                                                                                     2.934 2.831 2.711 2.574 2.420 2.250 2.068 1.878 1.685 1.494 1.314 1.152 1.013 0.898 0.802  0.72 0.652 0.590 0.535 0.484 0.437 0.394 0.353 0.314 0.277            
                                                                                           2.839 2.721 2.587 2.435 2.267 2.087 1.899 1.707 1.516 1.335 1.171 1.030 0.912 0.815  0.73 0.662 0.599 0.543 0.492 0.445 0.401 0.360 0.321 0.284 0.249      
                                                                                           2.847 2.731 2.599 2.449 2.284 2.106 1.919 1.728 1.538 1.356 1.190 1.047 0.927 0.827  0.74 0.672 0.608 0.552 0.500 0.453 0.409 0.368 0.329 0.291 0.256      
                                                                                                 2.741 2.610 2.463 2.300 2.124 1.938 1.749 1.559 1.377 1.209 1.064 0.941 0.839  0.75 0.681 0.617 0.560 0.508 0.461 0.416 0.375 0.336 0.299 0.263      
                                                                                                 2.750 2.621 2.476 2.315 2.141 1.958 1.769 1.580 1.397 1.229 1.081 0.956 0.852  0.77 0.691 0.627 0.569 0.516 0.468 0.424 0.382 0.343 0.306 0.270      
                                                                                                 2.759 2.632 2.489 2.330 2.158 1.976 1.789 1.601 1.418 1.248 1.098 0.970 0.865  0.78 0.701 0.636 0.577 0.524 0.476 0.431 0.390 0.350 0.313 0.277      
                                                                                                       2.643 2.502 2.345 2.175 1.994 1.808 1.621 1.438 1.267 1.115 0.985 0.877  0.79 0.711 0.644 0.586 0.532 0.484 0.439 0.397 0.357 0.320 0.284 0.250
                                                                                                       2.653 2.514 2.359 2.191 2.012 1.827 1.640 1.458 1.286 1.132 1.000 0.890  0.80 0.721 0.653 0.594 0.540 0.491 0.446 0.404 0.364 0.327 0.291 0.257
                                                                                                       2.663 2.525 2.373 2.206 2.029 1.846 1.660 1.477 1.304 1.149 1.015 0.903  0.81 0.731 0.662 0.602 0.548 0.499 0.453 0.411 0.371 0.333 0.298 0.263
                                                                                                             2.537 2.386 2.221 2.046 1.864 1.679 1.496 1.323 1.166 1.030 0.916  0.82 0.740 0.671 0.610 0.556 0.506 0.460 0.418 0.378 0.340 0.304 0.270
                                                                                                             2.548 2.399 2.236 2.063 1.882 1.698 1.515 1.341 1.183 1.045 0.928  0.83 0.750 0.680 0.618 0.563 0.513 0.467 0.424 0.384 0.347 0.311 0.277
                                                                                                             2.558 2.411 2.251 2.079 1.899 1.716 1.534 1.360 1.200 1.060 0.941  0.84 0.760 0.689 0.627 0.571 0.520 0.474 0.431 0.391 0.353 0.317 0.283
                                                                                                                   2.424 2.265 2.094 1.916 1.734 1.552 1.378 1.217 1.075 0.954  0.85 0.770 0.698 0.635 0.579 0.528 0.481 0.438 0.398 0.360 0.324 0.289
                                                                                                                   2.435 2.278 2.109 1.932 1.751 1.571 1.396 1.233 1.090 0.967  0.87 0.780 0.707 0.643 0.586 0.535 0.488 0.444 0.404 0.366 0.330 0.296
                                                                                                                   2.447 2.291 2.124 1.949 1.769 1.588 1.413 1.250 1.105 0.980  0.88 0.790 0.715 0.651 0.594 0.542 0.495 0.451 0.410 0.372 0.336 0.302
                                                                                                                         2.304 2.139 1.964 1.786 1.606 1.431 1.267 1.120 0.994  0.89 0.799 0.724 0.659 0.601 0.549 0.501 0.458 0.417 0.378 0.342 0.308
                                                                                                                         2.317 2.153 1.980 1.802 1.623 1.448 1.283 1.135 1.007  0.90 0.809 0.733 0.667 0.608 0.556 0.508 0.464 0.423 0.384 0.348 0.314
                                                                                                                         2.329 2.166 1.995 1.818 1.640 1.465 1.299 1.150 1.020  0.91 0.819 0.742 0.675 0.616 0.563 0.515 0.470 0.429 0.391 0.354 0.320
                                                                                                                               2.180 2.010 1.834 1.657 1.482 1.316 1.165 1.033  0.92 0.829 0.751 0.683 0.623 0.570 0.521 0.477 0.435 0.396 0.360 0.325
                                                                                                                               2.193 2.024 1.850 1.673 1.498 1.332 1.180 1.046  0.93 0.839 0.759 0.691 0.631 0.577 0.528 0.483 0.441 0.402 0.366 0.331
                                                                                                                               2.206 2.038 1.865 1.689 1.515 1.348 1.195 1.060  0.95 0.849 0.768 0.699 0.638 0.583 0.534 0.489 0.447 0.408 0.372 0.337
                                                                                                                                     2.052 1.880 1.705 1.531 1.364 1.209 1.073  0.96 0.859 0.777 0.707 0.645 0.590 0.541 0.495 0.453 0.414 0.377 0.342
                                                                                                                                     2.066 1.894 1.720 1.547 1.379 1.224 1.086  0.97 0.869 0.786 0.715 0.652 0.597 0.547 0.501 0.459 0.420 0.383 0.348
                                                                                                                                     2.079 1.909 1.735 1.562 1.395 1.239 1.100  0.98 0.879 0.795 0.723 0.660 0.604 0.553 0.507 0.465 0.426 0.388 0.353
                                                                                                                                     2.092 1.923 1.750 1.577 1.410 1.253 1.113  0.99 0.889 0.804 0.730 0.667 0.610 0.560 0.513 0.471 0.431 0.394 0.359
                                                                                                                                           1.936 1.765 1.593 1.425 1.268 1.126  1.00 0.900 0.812 0.738 0.674 0.617 0.566 0.519 0.477 0.437 0.399 0.364
                                                                                                                                           1.950 1.779 1.607 1.440 1.282 1.139  1.01 0.910 0.821 0.746 0.681 0.624 0.572 0.525 0.482 0.442 0.405 0.370
                                                                                                                                           1.963 1.793 1.622 1.455 1.296 1.152  1.03 0.920 0.830 0.754 0.688 0.630 0.578 0.531 0.488 0.448 0.410 0.375
                                                                                                                                           1.976 1.807 1.637 1.469 1.310 1.165  1.04 0.930 0.839 0.762 0.695 0.637 0.585 0.537 0.494 0.453 0.415 0.380
                                                                                                                                                 1.820 1.651 1.484 1.324 1.179  1.05 0.940 0.848 0.770 0.703 0.643 0.591 0.543 0.499 0.459 0.421 0.385
                                                                                                                                                 1.834 1.665 1.498 1.338 1.192  1.06 0.951 0.857 0.778 0.710 0.650 0.597 0.549 0.505 0.464 0.426 0.390
                                                                                                                                                 1.847 1.678 1.512 1.352 1.204  1.07 0.961 0.866 0.786 0.717 0.657 0.603 0.554 0.510 0.469 0.431 0.395
                                                                                                                                                 1.860 1.692 1.526 1.366 1.217  1.09 0.971 0.875 0.794 0.724 0.663 0.609 0.560 0.516 0.474 0.436 0.400
                                                                                                                                                       1.705 1.539 1.379 1.230  1.10 0.981 0.884 0.801 0.731 0.669 0.615 0.566 0.521 0.480 0.441 0.405
                                                                                                                                                       1.718 1.553 1.393 1.243  1.11 0.992 0.893 0.809 0.738 0.676 0.621 0.571 0.526 0.485 0.446 0.410
                                                                                                                                                       1.731 1.566 1.406 1.256  1.12 1.002 0.902 0.817 0.745 0.682 0.627 0.577 0.532 0.490 0.451 0.415
                                                                                                                                                       1.744 1.579 1.419 1.268  1.13 1.012 0.911 0.825 0.752 0.689 0.633 0.583 0.537 0.495 0.456 0.420
                                                                                                                                                             1.592 1.432 1.281  1.14 1.023 0.920 0.833 0.759 0.695 0.639 0.588 0.542 0.500 0.461 0.425
                                                                                                                                                             1.605 1.445 1.293  1.16 1.033 0.929 0.841 0.766 0.702 0.645 0.594 0.547 0.505 0.466 0.429
                                                                                                                                                             1.617 1.457 1.305  1.17 1.043 0.938 0.849 0.773 0.708 0.650 0.599 0.553 0.510 0.471 0.434
                                                                                                                                                             1.629 1.470 1.317  1.18 1.054 0.947 0.857 0.780 0.714 0.656 0.605 0.558 0.515 0.475 0.439
                                                                                                                                                                   1.482 1.330  1.19 1.064 0.956 0.865 0.787 0.721 0.662 0.610 0.563 0.520 0.480 0.443
                                                                                                                                                                   1.494 1.342  1.20 1.074 0.965 0.873 0.794 0.727 0.668 0.616 0.568 0.525 0.485 0.448
                                                                                                                                                                   1.506 1.353  1.21 1.084 0.974 0.881 0.802 0.733 0.674 0.621 0.573 0.530 0.490 0.452
                                                                                                                                                                   1.518 1.365  1.22 1.095 0.984 0.889 0.809 0.740 0.680 0.626 0.578 0.535 0.494 0.457
                                                                                                                                                                         1.377  1.23 1.105 0.993 0.897 0.816 0.746 0.685 0.632 0.583 0.539 0.499 0.461
                                                                                                                                                                         1.388  1.25 1.115 1.002 0.905 0.823 0.752 0.691 0.637 0.588 0.544 0.503 0.466
                                                                                                                                                                         1.400  1.26 1.125 1.011 0.913 0.830 0.759 0.697 0.642 0.593 0.549 0.508 0.470
                                                                                                                                                                         1.411  1.27 1.135 1.020 0.921 0.837 0.765 0.703 0.648 0.598 0.554 0.512 0.474
                                                                                                                                                                         1.422  1.28 1.145 1.029 0.929 0.844 0.771 0.708 0.653 0.603 0.558 0.517 0.479
                                                                                                                                                                                1.29 1.156 1.038 0.937 0.851 0.778 0.714 0.658 0.608 0.563 0.521 0.483
                                                                                                                                                                                1.30 1.166 1.047 0.945 0.858 0.784 0.720 0.663 0.613 0.568 0.526 0.487
                                                                                                                                                                                1.31 1.175 1.056 0.953 0.865 0.790 0.725 0.669 0.618 0.572 0.530 0.492
                                                                                                                                                                                1.32 1.185 1.065 0.961 0.872 0.796 0.731 0.674 0.623 0.577 0.535 0.496
                                                                                                                                                                                1.33 1.195 1.074 0.969 0.879 0.803 0.737 0.679 0.628 0.581 0.539 0.500
                                                                                                                                                                                     1.205 1.083 0.977 0.886 0.809 0.742 0.684 0.632 0.586 0.543 0.504
                                                                                                                                                                                     1.215 1.092 0.985 0.893 0.815 0.748 0.689 0.637 0.590 0.548 0.508
                                                                                                                                                                                     1.224 1.101 0.993 0.901 0.822 0.754 0.694 0.642 0.595 0.552 0.512
                                                                                                                                                                                     1.234 1.110 1.001 0.908 0.828 0.759 0.700 0.647 0.599 0.556 0.516
                                                                                                                                                                                     1.244 1.119 1.009 0.915 0.834 0.765 0.705 0.651 0.604 0.560 0.521
                                                                                                                                                                                           1.128 1.017 0.922 0.840 0.771 0.710 0.656 0.608 0.565 0.525
                                                                                                                                                                                           1.137 1.025 0.929 0.847 0.776 0.715 0.661 0.613 0.569 0.529
                                                                                                                                                                                           1.145 1.033 0.936 0.853 0.782 0.720 0.666 0.617 0.573 0.532
                                                                                                                                                                                           1.154 1.041 0.943 0.859 0.787 0.725 0.670 0.621 0.577 0.536
                                                                                                                                                                                           1.163 1.049 0.950 0.866 0.793 0.730 0.675 0.626 0.581 0.540
                                                                                                                                                                                                 1.057 0.957 0.872 0.799 0.735 0.680 0.630 0.585 0.544
                                                                                                                                                                                                 1.065 0.964 0.878 0.804 0.740 0.684 0.634 0.589 0.548
                                                                                                                                                                                                 1.073 0.971 0.884 0.810 0.745 0.689 0.639 0.593 0.552
                                                                                                                                                                                                 1.081 0.979 0.891 0.815 0.750 0.693 0.643 0.597 0.556
                                                                                                                                                                                                 1.088 0.986 0.897 0.821 0.755 0.698 0.647 0.601 0.560
                                                                                                                                                                                                       0.993 0.903 0.827 0.760 0.703 0.651 0.605 0.563
                                                                                                                                                                                                       1.000 0.909 0.832 0.765 0.707 0.656 0.609 0.567
                                                                                                                                                                                                       1.007 0.916 0.838 0.770 0.712 0.660 0.613 0.571
                                                                                                                                                                                                       1.014 0.922 0.843 0.775 0.716 0.664 0.617 0.575
                                                                                                                                                                                                       1.021 0.928 0.849 0.780 0.721 0.668 0.621 0.579
                                                                                                                                                                                                             0.935 0.854 0.785 0.725 0.672 0.625 0.582
                                                                                                                                                                                                             0.941 0.860 0.790 0.730 0.677 0.629 0.586
                                                                                                                                                                                                             0.947 0.866 0.795 0.734 0.681 0.633 0.590
                                                                                                                                                                                                             0.953 0.871 0.800 0.739 0.685 0.637 0.593
                                                                                                                                                                                                             0.959 0.877 0.805 0.743 0.689 0.641 0.597
                                                                                                                                                                                                             0.966 0.882 0.810 0.748 0.693 0.644 0.601
                                                                                                                                                                                                                   0.888 0.815 0.752 0.697 0.648 0.604
                                                                                                                                                                                                                   0.893 0.820 0.757 0.701 0.652 0.608
                                                                                                                                                                                                                   0.899 0.825 0.761 0.706 0.656 0.611
                                                                                                                                                                                                                   0.904 0.830 0.766 0.710 0.660 0.615
                                                                                                                                                                                                                   0.910 0.835 0.770 0.714 0.663 0.618
                                                                                                                                                                                                                   0.915 0.840 0.775 0.718 0.667 0.622
                                                                                                                                                                                                                         0.845 0.779 0.722 0.671 0.625
                                                                                                                                                                                                                         0.850 0.784 0.726 0.675 0.629
                                                                                                                                                                                                                         0.855 0.788 0.730 0.678 0.632
                                                                                                                                                                                                                         0.860 0.793 0.734 0.682 0.636
                                                                                                                                                                                                                         0.865 0.797 0.738 0.686 0.639
                                                                                                                                                                                                                         0.870 0.801 0.742 0.690 0.643
                                                                                                                                                                                                                               0.806 0.746 0.693 0.646
                                                                                                                                                                                                                               0.810 0.750 0.697 0.650
                                                                                                                                                                                                                               0.815 0.754 0.701 0.653
                                                                                                                                                                                                                               0.819 0.758 0.704 0.657
                                                                                                                                                                                                                               0.823 0.762 0.708 0.660
                                                                                                                                                                                                                               0.828 0.766 0.712 0.663
                                                                                                                                                                                                                                     0.770 0.715 0.667
                                                                                                                                                                                                                                     0.774 0.719 0.670
                                                                                                                                                                                                                                     0.778 0.722 0.673
                                                                                                                                                                                                                                     0.782 0.726 0.677
                                                                                                                                                                                                                                     0.786 0.730 0.680
                                                                                                                                                                                                                                     0.790 0.733 0.683
                                                                                                                                                                                                                                           0.737 0.687
                                                                                                                                                                                                                                           0.740 0.690
                                                                                                                                                                                                                                           0.744 0.693
                                                                                                                                                                                                                                           0.748 0.697
                                                                                                                                                                                                                                           0.751 0.700
                                                                                                                                                                                                                                           0.755 0.703
                                                                                                                                                                                                                                                 0.706
                                                                                                                                                                                                                                                 0.710
                                                                                                                                                                                                                                                 0.713
                                                                                                                                                                                                                                                 0.716
                                                                                                                                                                                                                                                 0.719
                                                                                                                                                                                                                                                 0.722
                                                                                                                                                                                                                                                 0.726
