 1.512 1.584 1.632 1.655 1.653 1.626 1.579 1.516                                                                                                                                                                                                      
 1.727 1.813 1.871 1.899 1.895 1.861 1.803 1.726 1.636                                                                                                                                                                                                
 1.966 2.065 2.134 2.170 2.169 2.131 2.061 1.966 1.856                                                                                                                                                                                                
 2.210 2.320 2.400 2.446 2.454 2.422 2.349 2.241 2.108 1.965 1.822                                                                                                                                                                                    
 2.442 2.560 2.648 2.704 2.726 2.708 2.646 2.540 2.395 2.225 2.052 1.885                                                                                                                                                                              
 2.653 2.774 2.869 2.934 2.969 2.968 2.926 2.837 2.699 2.518 2.314 2.114 1.928                                                                                                                                                                        
 2.839 2.961 3.060 3.133 3.179 3.194 3.173 3.109 2.993 2.824 2.608 2.373 2.152 1.952                                                                                                                                                                  
 3.000 3.123 3.224 3.303 3.358 3.387 3.385 3.345 3.259 3.116 2.914 2.665 2.405 2.169 1.960                                                                                                                                                            
 3.140 3.261 3.364 3.447 3.510 3.550 3.564 3.546 3.488 3.378 3.206 2.970 2.690 2.412 2.167                                                                                                                                                            
 3.261 3.381 3.484 3.570 3.639 3.688 3.715 3.715 3.681 3.603 3.468 3.264 2.993 2.687 2.398 2.149                                                                                                                                                      
 3.366 3.485 3.588 3.676 3.749 3.805 3.843 3.858 3.844 3.793 3.693 3.529 3.290 2.984 2.658 2.366 2.119                                                                                                                                                
 3.458 3.575 3.678 3.768 3.844 3.905 3.951 3.978 3.981 3.953 3.883 3.758 3.561 3.283 2.945 2.609 2.322                                                                                                                                                
 3.539 3.654 3.757 3.847 3.926 3.991 4.044 4.080 4.096 4.087 4.043 3.952 3.797 3.561 3.243 2.881 2.547 2.269                                                                                                                                          
 3.611 3.724 3.826 3.917 3.997 4.066 4.124 4.167 4.194 4.208 4.177 4.115 3.998 3.808 3.529 3.172 2.798 2.476                                                                                                                                          
 3.674 3.786 3.887 3.978 4.060 4.131 4.193 4.243 4.278 4.296 4.290 4.252 4.168 4.020 3.789 3.463 3.075 2.705 2.399                                                                                                                                    
 3.731 3.842 3.942 4.033 4.115 4.189 4.253 4.308 4.351 4.378 4.386 4.367 4.311 4.200 4.015 3.736 3.364 2.961 2.609                                                                                                                                    
 3.782 3.891 3.990 4.081 4.164 4.239 4.307 4.365 4.414 4.449 4.468 4.472 4.431 4.352 4.209 3.979 3.646 3.238 2.840 2.511                                                                                                                              
 3.828 3.936 4.034 4.125 4.208 4.285 4.354 4.416 4.468 4.511 4.539 4.549 4.532 4.479 4.372 4.189 3.907 3.522 3.095 2.719                                                                                                                              
 3.870 3.976 4.073 4.164 4.248 4.325 4.396 4.460 4.517 4.564 4.600 4.620 4.619 4.587 4.510 4.369 4.137 3.796 3.370 2.949 2.603                                                                                                                        
 3.908 4.013 4.109 4.199 4.283 4.361 4.433 4.500 4.559 4.611 4.653 4.682 4.693 4.678 4.627 4.521 4.336 4.047 3.648 3.201 2.808                                                                                                                        
 3.943 4.046 4.142 4.231 4.315 4.394 4.467 4.535 4.597 4.653 4.700 4.736 4.757 4.756 4.725 4.649 4.506 4.269 3.916 3.471 3.033 2.676                                                                                                                  
 3.975 4.077 4.172 4.261 4.344 4.423 4.498 4.567 4.631 4.690 4.741 4.783 4.812 4.824 4.809 4.758 4.650 4.460 4.160 3.745 3.280 2.876                                                                                                                  
 4.004 4.105 4.199 4.287 4.371 4.450 4.525 4.596 4.662 4.723 4.777 4.824 4.860 4.882 4.881 4.850 4.771 4.623 4.376 4.007 3.544 3.095 2.731                                                                                                            
 4.031 4.131 4.224 4.312 4.396 4.475 4.550 4.622 4.689 4.752 4.810 4.861 4.903 4.932 4.944 4.929 4.875 4.762 4.563 4.247 3.813 3.335 2.925                                                                                                            
 4.056 4.155 4.247 4.335 4.418 4.498 4.573 4.645 4.714 4.779 4.839 4.893 4.940 4.976 4.997 4.996 4.963 4.880 4.723 4.461 4.072 3.591 3.136 2.771                                                                                                      
 4.079 4.177 4.269 4.356 4.439 4.518 4.594 4.667 4.737 4.803 4.865 4.922 4.973 5.015 5.044 5.055 5.038 4.980 4.859 4.647 4.311 3.854 3.366 2.957                                                                                                      
 4.101 4.197 4.288 4.375 4.458 4.537 4.614 4.687 4.757 4.825 4.888 4.948 5.002 5.049 5.085 5.106 5.103 5.066 4.976 4.806 4.524 4.111 3.614 3.159 2.796                                                                                                
 4.121 4.217 4.307 4.393 4.476 4.555 4.631 4.705 4.776 4.845 4.910 4.972 5.029 5.080 5.122 5.150 5.159 5.139 5.075 4.943 4.712 4.350 3.871 3.378 2.975                                                                                                
 4.140 4.234 4.324 4.410 4.492 4.571 4.648 4.722 4.794 4.863 4.929 4.993 5.052 5.107 5.153 5.189 5.208 5.202 5.159 5.059 4.873 4.566 4.125 3.615 3.166                                                                                                
 4.157 4.251 4.340 4.425 4.508 4.587 4.663 4.737 4.809 4.879 4.947 5.012 5.074 5.131 5.181 5.223 5.250 5.257 5.232 5.159 5.012 4.757 4.366 3.864 3.374 2.979                                                                                          
 4.174 4.267 4.355 4.440 4.522 4.601 4.677 4.752 4.824 4.895 4.963 5.029 5.093 5.152 5.207 5.253 5.288 5.305 5.295 5.244 5.131 4.924 4.586 4.115 3.598 3.161                                                                                          
 4.189 4.281 4.369 4.454 4.535 4.614 4.691 4.765 4.838 4.909 4.978 5.045 5.110 5.172 5.229 5.280 5.321 5.346 5.349 5.318 5.233 5.067 4.783 4.358 3.837 3.356 2.973                                                                                    
 4.204 4.295 4.383 4.467 4.548 4.627 4.703 4.778 4.851 4.922 4.992 5.060 5.126 5.190 5.249 5.303 5.350 5.383 5.396 5.381 5.320 5.190 4.956 4.583 4.083 3.567 3.145                                                                                    
 4.218 4.308 4.395 4.479 4.560 4.638 4.715 4.789 4.862 4.934 5.004 5.073 5.141 5.206 5.267 5.325 5.376 5.415 5.437 5.436 5.395 5.296 5.106 4.787 4.326 3.793 3.328                                                                                    
 4.231 4.321 4.407 4.490 4.571 4.649 4.725 4.800 4.873 4.945 5.016 5.086 5.154 5.220 5.284 5.344 5.399 5.443 5.474 5.483 5.460 5.387 5.235 4.968 4.556 4.031 3.525  3.12                                                                              
 4.243 4.332 4.418 4.501 4.581 4.659 4.736 4.810 4.884 4.956 5.027 5.097 5.166 5.233 5.299 5.361 5.418 5.468 5.505 5.525 5.516 5.465 5.347 5.127 4.768 4.271 3.737  3.29                                                                              
 4.255 4.343 4.429 4.511 4.591 4.669 4.745 4.820 4.893 4.966 5.037 5.108 5.177 5.246 5.312 5.376 5.436 5.491 5.533 5.561 5.565 5.532 5.443 5.265 4.959 4.505 3.962  3.48                                                                              
 4.266 4.354 4.439 4.521 4.600 4.678 4.754 4.829 4.902 4.975 5.046 5.117 5.188 5.257 5.325 5.390 5.452 5.511 5.558 5.593 5.608 5.591 5.525 5.384 5.128 4.725 4.196  3.67 3.250                                                                        
 4.276 4.364 4.448 4.530 4.609 4.687 4.763 4.837 4.911 4.983 5.055 5.126 5.197 5.267 5.336 5.403 5.467 5.529 5.581 5.621 5.645 5.642 5.597 5.486 5.276 4.926 4.430  3.88 3.421                                                                        
 4.286 4.373 4.457 4.538 4.618 4.695 4.771 4.845 4.919 4.991 5.063 5.135 5.206 5.276 5.346 5.414 5.480 5.542 5.600 5.646 5.678 5.686 5.659 5.575 5.405 5.107 4.656  4.11 3.603                                                                        
 4.296 4.382 4.466 4.547 4.626 4.703 4.778 4.853 4.926 4.999 5.071 5.143 5.214 5.285 5.356 5.425 5.492 5.557 5.618 5.669 5.706 5.725 5.712 5.652 5.516 5.267 4.867  4.34 3.798                                                                        
 4.305 4.391 4.474 4.554 4.633 4.710 4.785 4.860 4.933 5.006 5.078 5.150 5.222 5.293 5.364 5.434 5.503 5.569 5.634 5.688 5.732 5.759 5.759 5.718 5.613 5.407 5.060  4.56 4.006 3.532                                                                  
 4.313 4.399 4.481 4.562 4.640 4.717 4.792 4.867 4.940 5.013 5.085 5.157 5.229 5.301 5.372 5.443 5.513 5.581 5.648 5.706 5.754 5.789 5.800 5.776 5.696 5.529 5.233  4.78 4.224 3.711                                                                  
 4.322 4.406 4.489 4.569 4.647 4.724 4.799 4.873 4.946 5.019 5.091 5.164 5.236 5.308 5.380 4.451 5.522 5.591 5.658 5.722 5.775 5.815 5.836 5.826 5.769 5.635 5.387  4.99 4.448 3.903                                                                  
 4.330 4.414 4.496 4.576 4.654 4.730 4.805 4.879 4.952 5.025 5.097 5.170 5.242 5.314 5.387 4.459 5.530 5.601 5.669 5.736 5.792 5.838 5.867 5.870 5.832 5.727 5.522  5.17 4.670 4.106 3.625                                                            
 4.337 4.421 4.503 4.582 4.660 4.736 4.811 4.885 4.958 5.031 5.103 5.175 5.248 5.320 5.393 5.466 5.538 5.609 5.679 5.749 5.808 5.859 5.895 5.909 5.886 5.807 5.640  5.34 4.884 4.320 3.801                                                            
 4.344 4.428 4.509 4.588 4.666 4.742 4.817 4.890 4.963 5.036 5.109 5.181 5.253 5.326 5.399 5.472 5.545 5.617 5.688 5.760 5.823 5.877 5.920 5.942 5.934 5.877 5.743  5.49 5.084 4.538 3.988                                                            
 4.351 4.434 4.515 4.594 4.672 4.747 4.822 4.896 4.969 5.041 5.114 5.186 5.259 5.331 5.404 5.478 5.551 5.624 5.696 5.771 5.836 5.894 5.941 5.972 5.976 5.938 5.832  5.62 5.267 4.755 4.186 3.702                                                      
 4.358 4.441 4.521 4.600 4.677 4.753 4.827 4.901 4.974 5.046 5.118 5.191 5.263 5.336 5.410 5.483 5.557 5.631 5.704 5.775 5.847 5.908 5.961 5.998 6.013 5.991 5.910  5.74 5.432 4.965 4.394 3.873                                                      
 4.365 4.447 4.527 4.605 4.682 4.758 4.832 4.905 4.978 5.051 5.123 5.195 5.268 5.341 5.414 5.488 5.562 5.637 5.710 5.783 5.858 5.921 5.978 6.021 6.045 6.037 5.978  5.84 5.580 5.162 4.607 4.054                                                      
 4.371 4.452 4.532 4.611 4.687 4.762 4.837 4.910 4.983 5.055 5.127 5.200 5.272 5.345 5.419 5.493 5.567 5.642 5.717 5.790 5.867 5.933 5.993 6.042 6.073 6.077 6.037  5.93 5.711 5.343 4.820 4.247 3.764                                                
 4.377 4.458 4.538 4.616 4.692 4.767 4.841 4.914 4.987 5.059 5.132 5.204 5.276 5.349 5.423 5.497 5.572 5.647 5.722 5.797 5.875 5.944 6.007 6.060 6.098 6.113 6.089  6.01 5.825 5.508 5.026 4.448 3.929                                                
 4.382 4.463 4.543 4.621 4.697 4.772 4.845 4.918 4.991 5.063 5.135 5.208 5.280 5.353 5.427 5.501 5.576 5.652 5.727 5.803 5.883 5.953 6.019 6.076 6.120 6.144 6.134  6.07 5.926 5.655 5.221 4.656 4.105                                                
 4.388 4.468 4.548 4.625 4.701 4.776 4.850 4.923 4.995 5.067 5.139 5.211 5.284 5.357 5.431 5.505 5.580 5.656 5.732 5.808 5.883 5.962 6.030 6.090 6.140 6.171 6.174  6.13 6.014 5.786 5.402 4.864 4.290 3.812                                          
 4.393 4.473 4.552 4.630 4.705 4.780 4.854 4.926 4.999 5.071 5.143 5.215 5.287 5.361 5.434 5.509 5.584 5.660 5.736 5.813 5.889 5.970 6.039 6.103 6.157 6.195 6.209  6.18 6.092 5.901 5.567 5.068 4.484 3.971                                          
 4.398 4.478 4.557 4.634 4.710 4.784 4.857 4.930 5.002 5.074 5.146 5.218 5.291 5.364 5.437 5.512 5.587 5.663 5.740 5.817 5.894 5.977 6.048 6.114 6.172 6.217 6.239  6.23 6.159 6.003 5.715 5.262 4.686 4.140                                          
 4.403 4.483 4.561 4.638 4.714 4.788 4.861 4.934 5.006 5.078 5.149 5.222 5.294 5.367 5.440 5.515 5.590 5.667 5.744 5.821 5.898 5.983 6.056 6.124 6.186 6.236 6.266  6.27 6.218 6.092 5.848 5.443 4.890 4.317 3.847                                    
 4.408 4.487 4.565 4.642 4.717 4.791 4.865 4.937 5.009 5.081 5.153 5.225 5.297 5.370 5.443 5.518 5.593 5.670 5.747 5.825 5.903 5.988 6.063 6.134 6.198 6.252 6.290  6.30 6.270 6.171 5.966 5.610 5.091 4.504 4.001                                    
                         4.721 4.795 4.868 4.940 5.012 5.084 5.156 5.228 5.300 5.373 5.446 5.521 5.596 5.673 5.750 5.828 5.906 5.994 6.069 6.142 6.209 6.267 6.311  6.33 6.316 6.240 6.070 5.761 5.284 4.699 4.162                                    
                               4.798 4.871 4.943 5.015 5.087 5.158 5.230 5.303 5.375 5.449 5.523 5.599 5.675 5.753 5.831 5.910 5.989 6.075 6.149 6.219 6.280 6.330  6.36 6.355 6.300 6.161 5.897 5.467 4.898 4.332                                    
                                     4.874 4.947 5.018 5.090 5.161 5.233 5.305 5.378 5.451 5.526 5.601 5.678 5.755 5.834 5.913 5.992 6.080 6.155 6.227 6.292 6.346  6.38 6.391 6.353 6.242 6.018 5.637 5.096 4.511 4.019                              
                                           4.949 5.021 5.092 5.164 5.236 5.308 5.380 5.454 5.528 5.603 5.680 5.757 5.836 5.915 5.995 6.085 6.161 6.235 6.302 6.361  6.40 6.421 6.399 6.313 6.126 5.792 5.289 4.698 4.173                              
                                                 5.024 5.095 5.166 5.238 5.310 5.383 5.456 5.530 5.605 5.682 5.760 5.838 5.918 5.998 6.089 6.167 6.242 6.312 6.374  6.42 6.449 6.440 6.375 6.221 5.932 5.474 4.890 4.335                              
                                                       5.098 5.169 5.240 5.312 5.385 5.458 5.532 5.607 5.684 5.762 5.840 5.920 6.001 6.093 6.171 6.248 6.320 6.385  6.44 6.473 6.476 6.430 6.305 6.057 5.647 5.085 4.505                              
                                                             5.171 5.243 5.314 5.387 5.460 5.534 5.609 5.686 5.763 5.842 5.922 6.003 6.096 6.175 6.253 6.327 6.395  6.45 6.494 6.508 6.478 6.378 6.170 5.806 5.277 4.683 4.174                        
                                                             5.173 5.245 5.316 5.389 5.462 5.536 5.611 5.687 5.765 5.844 5.924 6.005 6.086 6.179 6.258 6.334 6.404  6.47 6.513 6.536 6.521 6.444 6.269 5.951 5.463 4.869 4.328                        
                                                                   5.247 5.318 5.391 5.464 5.538 5.613 5.689 5.767 5.845 5.925 6.007 6.089 6.182 6.262 6.339 6.412  6.48 6.529 6.560 6.558 6.501 6.357 6.083 5.639 5.058 4.490                        
                                                                   5.249 5.320 5.393 5.465 5.539 5.614 5.690 5.768 5.847 5.927 6.008 6.090 6.185 6.266 6.345 6.419  6.49 6.544 6.582 6.591 6.552 6.435 6.201 5.803 5.248 4.659                        
                                                                         5.322 5.394 5.467 5.541 5.616 5.692 5.769 5.848 5.928 6.010 6.092 6.188 6.269 6.349 6.425  6.50 6.557 6.601 6.620 6.596 6.504 6.306 5.955 5.434 4.836 4.314                  
                                                                         5.324 5.396 5.469 5.542 5.617 5.693 5.770 5.849 5.929 6.011 6.093 6.190 6.272 6.353 6.431  6.50 6.568 6.618 6.645 6.635 6.565 6.399 6.093 5.613 5.019 4.467                  
                                                                               5.398 5.470 5.544 5.618 5.694 5.772 5.850 5.930 6.012 6.094 6.192 6.275 6.357 6.436  6.51 6.578 6.633 6.668 6.670 6.619 6.483 6.217 5.782 5.204 4.627                  
                                                                               5.399 5.472 5.545 5.620 5.695 5.773 5.851 5.931 6.013 6.095 6.194 6.277 6.360 6.440  6.52 6.587 6.646 6.688 6.700 6.666 6.556 6.329 5.940 5.389 4.794 4.293            
                                                                                     5.473 5.546 5.621 5.696 5.773 5.852 5.932 6.013 6.096 6.180 6.279 6.362 6.444  6.52 6.595 6.658 6.706 6.727 6.708 6.621 6.429 6.085 5.570 4.969 4.438            
                                                                                     5.474 5.547 5.622 5.697 5.774 5.853 5.933 6.014 6.097 6.181 6.281 6.365 6.447  6.53 6.602 6.668 6.721 6.751 6.745 6.679 6.519 6.218 5.743 5.148 4.589            
                                                                                           5.549 5.623 5.698 5.775 5.853 5.933 6.015 6.097 6.181 6.283 6.367 6.450  6.53 6.608 6.677 6.735 6.772 6.777 6.730 6.598 6.337 5.907 5.329 4.747 4.267      
                                                                                           5.550 5.624 5.699 5.776 5.854 5.934 6.015 6.098 6.182 6.284 6.368 6.452  6.54 6.613 6.685 6.747 6.791 6.806 6.775 6.668 6.445 6.060 5.510 4.911 4.404      
                                                                                                 5.625 5.700 5.777 5.855 5.934 6.015 6.098 6.182 6.285 6.370 6.454  6.54 6.618 6.692 6.758 6.807 6.831 6.814 6.731 6.542 6.200 5.686 5.082 4.546      
                                                                                                 5.626 5.701 5.777 5.855 5.935 6.016 6.098 6.182 6.286 6.371 6.456  6.54 6.622 6.698 6.767 6.822 6.854 6.850 6.786 6.628 6.328 5.855 5.258 4.695      
                                                                                                 5.626 5.701 5.778 5.855 5.935 6.016 6.098 6.182 6.287 6.372 6.458  6.54 6.625 6.704 6.775 6.834 6.874 6.881 6.835 6.704 6.445 6.015 5.436 4.849      
                                                                                                       5.702 5.778 5.856 5.935 6.016 6.098 6.182 6.268 6.373 6.459  6.54 6.628 6.708 6.782 6.846 6.891 6.908 6.878 6.773 6.550 6.163 5.612 5.011 4.500
                                                                                                       5.703 5.779 5.856 5.935 6.016 6.098 6.182 6.268 6.374 6.460  6.55 6.631 6.712 6.789 6.855 6.907 6.932 6.917 6.833 6.644 6.301 5.784 5.178 4.640
                                                                                                       5.703 5.779 5.856 5.935 6.016 6.098 6.182 6.268 6.374 6.461  6.55 6.633 6.716 6.794 6.864 6.920 6.954 6.950 6.887 6.728 6.426 5.949 5.350 4.785
                                                                                                             5.780 5.857 5.935 6.016 6.098 6.182 6.267 6.375 6.461  6.55 6.635 6.719 6.799 6.872 6.932 6.973 6.981 6.935 6.803 6.540 6.106 5.524 4.937
                                                                                                             5.780 5.857 5.936 6.016 6.098 6.182 6.267 6.375 6.462  6.55 6.636 6.721 6.803 6.878 6.943 6.990 7.007 6.977 6.870 6.644 6.252 5.696 5.094
                                                                                                             5.780 5.857 5.936 6.016 6.098 6.181 6.266 6.375 6.462  6.55 6.637 6.723 6.806 6.884 6.952 7.004 7.031 7.015 6.930 6.736 6.388 5.865 5.258
                                                                                                                   5.857 5.936 6.016 6.097 6.181 6.266 6.375 6.462  6.55 6.638 6.725 6.809 6.889 6.960 7.017 7.051 7.048 6.983 6.820 6.512 6.028 5.425
                                                                                                                   5.857 5.936 6.015 6.097 6.180 6.265 6.375 6.462  6.55 6.639 6.726 6.812 6.893 6.967 7.029 7.070 7.077 7.030 6.894 6.625 6.182 5.595
                                                                                                                   5.857 5.936 6.015 6.097 6.180 6.265 6.351 6.462  6.55 6.639 6.727 6.814 6.897 6.973 7.039 7.086 7.103 7.072 6.961 6.728 6.327 5.764
                                                                                                                         5.935 6.015 6.096 6.179 6.264 6.350 6.462  6.55 6.639 6.728 6.815 6.900 6.978 7.047 7.100 7.126 7.109 7.020 6.820 6.462 5.930
                                                                                                                         5.935 6.015 6.096 6.178 6.263 6.349 6.462  6.55 6.639 6.729 6.817 6.902 6.983 7.055 7.113 7.147 7.142 7.073 6.904 6.586 6.091
                                                                                                                         5.935 6.014 6.095 6.178 6.262 6.349 6.461  6.55 6.639 6.729 6.818 6.904 6.987 7.062 7.124 7.165 7.171 7.120 6.978 6.699 6.244
                                                                                                                               6.014 6.095 6.177 6.261 6.349 6.461  6.55 6.639 6.729 6.818 6.906 6.990 7.067 7.133 7.181 7.197 7.162 7.045 6.802 6.389
                                                                                                                               6.014 6.094 6.176 6.261 6.347 6.460  6.55 6.639 6.729 6.819 6.907 6.993 7.072 7.142 7.195 7.220 7.199 7.105 6.895 6.523
                                                                                                                               6.013 6.094 6.176 6.260 6.345 6.460  6.55 6.638 6.729 6.819 6.908 6.995 7.077 7.149 7.207 7.240 7.232 7.158 6.979 6.648
                                                                                                                                     6.093 6.175 6.259 6.344 6.459  6.55 6.638 6.728 6.819 6.909 6.997 7.080 7.156 7.218 7.258 7.262 7.206 7.055 6.762
                                                                                                                                     6.092 6.174 6.258 6.343 6.458  6.55 6.637 6.728 6.819 6.909 6.998 7.083 7.161 7.227 7.274 7.288 7.248 7.123 6.866
                                                                                                                                     6.092 6.173 6.257 6.342 6.429  6.55 6.636 6.727 6.818 6.909 6.999 7.085 7.166 7.235 7.288 7.311 7.286 7.184 6.961
                                                                                                                                     6.091 6.173 6.256 6.341 6.428  6.55 6.635 6.726 6.818 6.909 7.000 7.087 7.170 7.243 7.300 7.331 7.320 7.238 7.047
                                                                                                                                           6.172 6.255 6.340 6.427  6.54 6.634 6.725 6.817 6.909 7.000 7.089 7.173 7.249 7.311 7.349 7.349 7.287 7.124
                                                                                                                                           6.171 6.254 6.339 6.425  6.54 6.633 6.724 6.816 6.908 7.000 7.090 7.176 7.254 7.320 7.365 7.376 7.330 7.194
                                                                                                                                           6.170 6.253 6.337 6.424  6.54 6.632 6.723 6.815 6.908 7.000 7.091 7.178 7.258 7.328 7.379 7.399 7.369 7.256
                                                                                                                                           6.169 6.252 6.336 6.422  6.54 6.631 6.722 6.814 6.907 7.000 7.091 7.179 7.262 7.335 7.392 7.420 7.403 7.312
                                                                                                                                                 6.251 6.335 6.421  6.54 6.630 6.721 6.813 6.906 6.999 7.091 7.181 7.265 7.341 7.402 7.439 7.434 7.362
                                                                                                                                                 6.250 6.334 6.419  6.54 6.629 6.720 6.812 6.905 6.998 7.091 7.182 7.268 7.346 7.412 7.455 7.461 7.407
                                                                                                                                                 6.249 6.332 6.418  6.54 6.628 6.718 6.811 6.904 6.997 7.091 7.182 7.270 7.351 7.420 7.469 7.485 7.447
                                                                                                                                                 6.248 6.331 6.416  6.54 6.626 6.717 6.809 6.902 6.996 7.090 7.182 7.271 7.355 7.427 7.482 7.507 7.483
                                                                                                                                                       6.330 6.415  6.50 6.625 6.716 6.808 6.901 6.995 7.089 7.182 7.272 7.358 7.433 7.493 7.526 7.515
                                                                                                                                                       6.329 6.414  6.50 6.624 6.714 6.806 6.900 6.994 7.088 7.182 7.273 7.360 7.438 7.503 7.543 7.544
                                                                                                                                                       6.327 6.412  6.50 6.622 6.713 6.805 6.898 6.992 7.087 7.181 7.273 7.362 7.443 7.511 7.558 7.569
                                                                                                                                                       6.326 6.411  6.50 6.621 6.711 6.803 6.897 6.991 7.086 7.180 7.273 7.363 7.446 7.518 7.571 7.591
                                                                                                                                                             6.409  6.50 6.619 6.710 6.802 6.895 6.989 7.084 7.179 7.273 7.364 7.449 7.524 7.582 7.611
                                                                                                                                                             6.408  6.49 6.618 6.708 6.800 6.893 6.988 7.083 7.178 7.273 7.365 7.452 7.530 7.592 7.629
                                                                                                                                                             6.406  6.49 6.617 6.707 6.798 6.891 6.986 7.081 7.177 7.272 7.365 7.454 7.534 7.601 7.644
                                                                                                                                                             6.405  6.49 6.615 6.705 6.797 6.890 6.984 7.080 7.175 7.271 7.365 7.455 7.538 7.609 7.658
                                                                                                                                                                    6.49 6.614 6.703 6.795 6.888 6.982 7.078 7.174 7.270 7.364 7.456 7.541 7.615 7.670
                                                                                                                                                                    6.49 6.612 6.702 6.793 6.886 6.980 7.076 7.172 7.268 7.364 7.456 7.543 7.621 7.681
                                                                                                                                                                    6.49 6.572 6.700 6.791 6.884 6.978 7.074 7.170 7.267 7.363 7.456 7.545 7.625 7.690
                                                                                                                                                                    6.48 6.570 6.699 6.790 6.882 6.976 7.072 7.168 7.265 7.362 7.456 7.547 7.629 7.698
                                                                                                                                                                         6.568 6.697 6.788 6.880 6.974 7.070 7.166 7.264 7.360 7.456 7.547 7.632 7.705
                                                                                                                                                                         6.567 6.695 6.786 6.878 6.972 7.068 7.164 7.262 7.359 7.455 7.548 7.635 7.711
                                                                                                                                                                         6.565 6.694 6.784 6.876 6.970 7.066 7.162 7.260 7.357 7.454 7.548 7.637 7.716
                                                                                                                                                                         6.563 6.692 6.782 6.874 6.968 7.063 7.160 7.258 7.356 7.453 7.548 7.638 7.720
                                                                                                                                                                         6.561 6.691 6.781 6.872 6.966 7.061 7.158 7.255 7.354 7.451 7.547 7.639 7.723
                                                                                                                                                                               6.689 6.779 6.870 9.964 7.059 7.156 7.253 7.352 7.450 7.546 7.639 7.726
                                                                                                                                                                               6.687 6.777 6.868 6.962 7.057 7.153 7.251 7.349 7.448 7.545 7.639 7.728
                                                                                                                                                                               6.686 6.775 6.867 6.960 7.054 7.151 7.249 7.347 7.446 7.544 7.639 7.729
                                                                                                                                                                               6.684 6.773 6.865 6.957 7.052 7.148 7.246 7.345 7.444 7.542 7.639 7.730
                                                                                                                                                                               6.682 6.772 6.863 6.955 7.050 7.146 7.244 7.342 7.442 7.541 7.638 7.731
                                                                                                                                                                                     6.770 6.861 6.953 7.048 7.144 7.241 7.340 7.439 7.539 7.637 7.731
                                                                                                                                                                                     6.768 6.859 6.951 7.045 7.141 7.239 7.337 7.437 7.537 7.635 7.731
                                                                                                                                                                                     6.766 6.857 6.949 7.043 7.139 7.236 7.335 7.434 7.534 7.634 7.730
                                                                                                                                                                                     6.764 6.855 6.947 7.041 7.136 7.233 7.332 7.432 7.532 7.632 7.729
                                                                                                                                                                                     6.763 6.853 6.944 7.038 7.134 7.231 7.329 7.429 7.530 7.630 7.728
                                                                                                                                                                                           6.851 6.942 7.036 7.131 7.228 7.327 7.427 7.527 7.628 7.727
                                                                                                                                                                                           6.849 6.940 7.033 7.129 7.226 7.324 7.424 7.525 7.625 7.725
                                                                                                                                                                                           6.847 6.938 7.031 7.126 7.223 7.321 7.421 7.522 7.623 7.723
                                                                                                                                                                                           6.845 6.936 7.029 7.124 7.220 7.318 7.418 7.519 7.620 7.721
                                                                                                                                                                                           6.843 6.934 7.026 7.121 7.218 7.316 7.415 7.516 7.618 7.719
                                                                                                                                                                                                 6.932 7.024 7.119 7.215 7.313 7.412 7.513 7.615 7.717
                                                                                                                                                                                                 6.930 7.022 7.116 7.212 7.310 7.410 7.510 7.612 7.714
                                                                                                                                                                                                 6.927 7.020 7.114 7.209 7.307 7.407 7.507 7.609 7.711
                                                                                                                                                                                                 6.925 7.017 7.111 7.207 7.304 7.404 7.504 7.606 7.709
                                                                                                                                                                                                 6.923 7.015 7.109 7.204 7.301 7.401 7.501 7.603 7.706
                                                                                                                                                                                                       7.013 7.106 7.201 7.299 7.398 7.498 7.600 7.703
                                                                                                                                                                                                       7.010 7.104 7.199 7.296 7.395 7.495 7.597 7.700
                                                                                                                                                                                                       7.008 7.101 7.196 7.293 7.392 7.492 7.594 7.697
                                                                                                                                                                                                       7.006 7.099 7.193 7.290 7.389 7.489 7.591 7.694
                                                                                                                                                                                                       7.004 7.096 7.191 7.287 7.386 7.486 7.587 7.690
                                                                                                                                                                                                             7.094 7.188 7.284 7.383 7.483 7.584 7.687
                                                                                                                                                                                                             7.091 7.186 7.282 7.380 7.479 7.581 7.684
                                                                                                                                                                                                             7.089 7.183 7.279 7.376 7.476 7.578 7.680
                                                                                                                                                                                                             7.087 7.180 7.276 7.373 7.473 7.574 7.677
                                                                                                                                                                                                             7.084 7.178 7.273 7.370 7.470 7.571 7.674
                                                                                                                                                                                                             7.082 7.175 7.270 7.367 7.467 7.568 7.670
                                                                                                                                                                                                                   7.173 7.268 7.365 7.463 7.564 7.667
                                                                                                                                                                                                                   7.170 7.265 7.362 7.460 7.561 7.663
                                                                                                                                                                                                                   7.168 7.262 7.359 7.457 7.558 7.660
                                                                                                                                                                                                                   7.165 7.259 7.356 7.454 7.554 7.656
                                                                                                                                                                                                                   7.163 7.257 7.353 7.451 7.551 7.653
                                                                                                                                                                                                                   7.160 7.254 7.350 7.448 7.548 7.649
                                                                                                                                                                                                                         7.251 7.347 7.445 7.544 7.646
                                                                                                                                                                                                                         7.249 7.344 7.441 7.541 7.642
                                                                                                                                                                                                                         7.246 7.341 7.438 7.538 7.639
                                                                                                                                                                                                                         7.243 7.338 7.435 7.534 7.635
                                                                                                                                                                                                                         7.241 7.335 7.432 7.531 7.632
                                                                                                                                                                                                                         7.238 7.333 7.429 7.528 7.628
                                                                                                                                                                                                                               7.330 7.426 7.524 7.625
                                                                                                                                                                                                                               7.327 7.423 7.521 7.621
                                                                                                                                                                                                                               7.324 7.420 7.518 7.618
                                                                                                                                                                                                                               7.322 7.417 7.515 7.615
                                                                                                                                                                                                                               7.319 7.414 7.512 7.611
                                                                                                                                                                                                                               7.316 7.411 7.508 7.608
                                                                                                                                                                                                                                     7.408 7.505 7.604
                                                                                                                                                                                                                                     7.405 7.502 7.601
                                                                                                                                                                                                                                     7.403 7.499 7.598
                                                                                                                                                                                                                                     7.400 7.496 7.594
                                                                                                                                                                                                                                     7.397 7.493 7.591
                                                                                                                                                                                                                                     7.394 7.490 7.588
                                                                                                                                                                                                                                           7.487 7.584
                                                                                                                                                                                                                                           7.484 7.581
                                                                                                                                                                                                                                           7.481 7.578
                                                                                                                                                                                                                                           7.478 7.575
                                                                                                                                                                                                                                           7.475 7.572
                                                                                                                                                                                                                                           7.472 7.568
                                                                                                                                                                                                                                                 7.565
                                                                                                                                                                                                                                                 7.562
                                                                                                                                                                                                                                                 7.559
                                                                                                                                                                                                                                                 7.556
                                                                                                                                                                                                                                                 7.553
                                                                                                                                                                                                                                                 7.550
                                                                                                                                                                                                                                                 7.547
