   0. 0.053 0.111 0.184 0.282 0.424 0.627 0.754                                                                                                                                                                                                      
   0. 0.039 0.082 0.132 0.196 0.284 0.412 0.591 0.727                                                                                                                                                                                                
   0. 0.031 0.065 0.103 0.151 0.212 0.297 0.419 0.586                                                                                                                                                                                                
   0. 0.026 0.054 0.085 0.123 0.169 0.231 0.317 0.439 0.598 0.681                                                                                                                                                                                    
   0. 0.023 0.047 0.073 0.104 0.142 0.190 0.254 0.343 0.468 0.616 0.653                                                                                                                                                                              
   0. 0.020 0.041 0.064 0.091 0.122 0.161 0.212 0.280 0.375 0.504 0.633 0.616                                                                                                                                                                        
   0. 0.018 0.037 0.058 0.081 0.108 0.141 0.183 0.237 0.311 0.413 0.542 0.638 0.574                                                                                                                                                                  
   0. 0.017 0.034 0.053 0.073 0.097 0.126 0.161 0.206 0.266 0.347 0.456 0.579 0.621 0.531                                                                                                                                                            
   0. 0.015 0.032 0.049 0.068 0.089 0.114 0.145 0.183 0.233 0.299 0.388 0.501 0.605 0.582                                                                                                                                                            
   0. 0.014 0.029 0.045 0.063 0.082 0.105 0.132 0.165 0.208 0.263 0.336 0.433 0.545 0.607 0.536                                                                                                                                                      
   0. 0.013 0.028 0.043 0.059 0.077 0.097 0.122 0.151 0.188 0.235 0.297 0.379 0.481 0.579 0.579 0.489                                                                                                                                                
   0. 0.013 0.026 0.040 0.055 0.072 0.091 0.113 0.140 0.172 0.213 0.266 0.336 0.425 0.527 0.590 0.533                                                                                                                                                
   0. 0.012 0.025 0.038 0.053 0.068 0.086 0.106 0.130 0.159 0.196 0.242 0.301 0.379 0.474 0.563 0.569 0.484                                                                                                                                          
   0. 0.011 0.024 0.036 0.050 0.065 0.082 0.100 0.122 0.148 0.181 0.222 0.274 0.341 0.426 0.520 0.576 0.524                                                                                                                                          
   0. 0.011 0.023 0.035 0.048 0.062 0.078 0.095 0.116 0.140 0.169 0.206 0.252 0.310 0.385 0.474 0.554 0.555 0.475                                                                                                                                    
   0. 0.010 0.022 0.034 0.046 0.060 0.074 0.091 0.110 0.132 0.159 0.192 0.233 0.285 0.351 0.432 0.518 0.564 0.510                                                                                                                                    
   0. 0.010 0.021 0.032 0.044 0.057 0.072 0.087 0.105 0.126 0.151 0.180 0.217 0.264 0.323 0.396 0.480 0.549 0.540 0.461                                                                                                                              
   0. 0.009 0.020 0.031 0.043 0.055 0.069 0.084 0.101 0.120 0.143 0.171 0.204 0.246 0.299 0.365 0.443 0.521 0.552 0.494                                                                                                                              
   0. 0.009 0.020 0.030 0.042 0.054 0.067 0.081 0.097 0.115 0.137 0.162 0.193 0.231 0.279 0.338 0.410 0.488 0.544 0.522 0.445                                                                                                                        
   0. 0.009 0.019 0.029 0.040 0.052 0.065 0.078 0.094 0.111 0.131 0.155 0.183 0.218 0.261 0.315 0.381 0.456 0.524 0.538 0.475                                                                                                                        
   0. 0.008 0.018 0.029 0.039 0.051 0.063 0.076 0.091 0.107 0.126 0.148 0.175 0.207 0.246 0.295 0.355 0.426 0.498 0.539 0.503 0.427                                                                                                                  
   0. 0.008 0.018 0.028 0.038 0.049 0.061 0.074 0.088 0.104 0.122 0.143 0.167 0.197 0.233 0.278 0.333 0.398 0.470 0.520 0.522 0.454                                                                                                                  
   0. 0.008 0.017 0.027 0.037 0.048 0.059 0.072 0.085 0.101 0.118 0.138 0.161 0.189 0.222 0.263 0.313 0.374 0.443 6.506 0.530 0.481 0.407                                                                                                            
   0. 0.008 0.017 0.027 0.037 0.047 0.058 0.070 0.083 0.098 0.114 0.133 0.155 0.181 0.212 0.250 0.296 0.352 0.417 0.483 0.525 0.503 0.433                                                                                                            
   0. 0.008 0.017 0.026 0.036 0.046 0.057 0.068 0.081 0.095 0.111 0.129 0.150 0.174 0.203 0.239 0.281 0.333 0.394 0.460 0.513 0.516 0.458 0.387                                                                                                      
   0. 0.007 0.016 0.025 0.035 0.045 0.056 0.067 0.079 0.093 0.108 0.125 0.145 0.168 0.196 0.228 0.268 0.316 0.373 0.437 0.495 0.520 0.480 0.411                                                                                                      
   0. 0.007 0.016 0.025 0.034 0.044 0.054 0.066 0.078 0.091 0.105 0.122 0.141 0.163 0.188 0.219 0.256 0.301 0.354 0.415 0.475 0.515 0.498 0.434 0.366                                                                                                
   0. 0.007 0.016 0.025 0.034 0.043 0.053 0.064 0.076 0.089 0.103 0.119 0.137 0.158 0.182 0.211 0.246 0.288 0.337 0.395 0.455 0.503 0.508 0.456 0.388                                                                                                
   0. 0.007 0.015 0.024 0.033 0.043 0.053 0.063 0.075 0.087 0.101 0.116 0.133 0.153 0.176 0.204 0.236 0.276 0.322 0.376 0.435 0.488 0.511 0.476 0.410                                                                                                
   0. 0.007 0.015 0.024 0.033 0.042 0.052 0.062 0.073 0.085 0.099 0.113 0.130 0.149 0.171 0.197 0.228 0.265 0.308 0.359 0.416 0.472 0.506 0.491 0.431 0.366                                                                                          
   0. 0.007 0.015 0.023 0.032 0.041 0.051 0.061 0.072 0.084 0.097 0.111 0.127 0.145 0.167 0.191 0.220 0.255 0.296 0.344 0.399 0.454 0.497 0.500 0.451 0.386                                                                                          
   0. 0.006 0.015 0.023 0.032 0.041 0.050 0.060 0.071 0.082 0.095 0.109 0.124 0.142 0.162 0.186 0.213 0.246 0.285 0.330 0.382 0.437 0.485 0.502 0.468 0.405 0.344                                                                                    
   0. 0.006 0.014 0.023 0.031 0.040 0.049 0.059 0.070 0.081 0.093 0.107 0.122 0.139 0.158 0.181 0.207 0.238 0.274 0.317 0.367 0.420 0.471 0.499 0.482 0.424 0.363                                                                                    
   0. 0.006 0.014 0.022 0.031 0.040 0.049 0.058 0.069 0.080 0.092 0.105 0.119 0.136 0.155 0.176 0.201 0.231 0.265 0.306 0.353 0.405 0.456 0.492 0.491 0.443 0.381                                                                                    
   0. 0.006 0.014 0.022 0.030 0.039 0.048 0.057 0.068 0.078 0.090 0.103 0.117 0.133 0.151 0.172 0.196 0.224 0.257 0.295 0.340 0.390 0.441 0.482 0.494 0.459 0.399 0.340                                                                              
   0. 0.006 0.014 0.022 0.030 0.039 0.047 0.057 0.067 0.077 0.089 0.101 0.115 0.131 0.148 0.168 0.191 0.218 0.249 0.285 0.328 0.376 0.426 0.471 0.493 0.472 0.416 0.357                                                                              
   0. 0.006 0.014 0.022 0.030 0.038 0.047 0.056 0.066 0.076 0.087 0.100 0.113 0.128 0.145 0.164 0.186 0.212 0.242 0.277 0.317 0.363 0.412 0.459 0.488 0.481 0.433 0.373                                                                              
   0. 0.006 0.014 0.021 0.029 0.038 0.046 0.055 0.065 0.075 0.086 0.098 0.111 0.126 0.142 0.161 0.182 0.207 0.235 0.268 0.307 0.351 0.399 0.446 0.481 0.486 0.448 0.390 0.333                                                                        
   0. 0.006 0.013 0.021 0.029 0.037 0.046 0.055 0.064 0.074 0.085 0.097 0.110 0.124 0.140 0.158 0.178 0.202 0.229 0.261 0.298 0.340 0.386 0.433 0.472 0.486 0.461 0.406 0.349                                                                        
   0. 0.006 0.013 0.021 0.029 0.037 0.045 0.054 0.063 0.073 0.084 0.096 0.108 0.122 0.137 0.155 0.175 0.197 0.223 0.254 0.289 0.329 0.374 0.420 0.462 0.484 0.470 0.421 0.365                                                                        
   0. 0.006 0.013 0.021 0.028 0.037 0.045 0.054 0.063 0.073 0.083 0.094 0.107 0.120 0.135 0.152 0.171 0.193 0.218 0.247 0.281 0.319 0.363 0.408 0.451 0.479 0.476 0.436 0.380                                                                        
   0. 0.006 0.013 0.021 0.028 0.036 0.044 0.053 0.062 0.072 0.082 0.093 0.105 0.118 0.133 0.150 0.168 0.189 0.213 0.241 0.273 0.310 0.352 0.397 0.440 0.473 0.479 0.448 0.394 0.340                                                                  
   0. 0.005 0.013 0.020 0.028 0.036 0.044 0.053 0.061 0.071 0.081 0.092 0.104 0.117 0.131 0.147 0.165 0.185 0.209 0.236 0.267 0.302 0.342 0.385 0.429 0.465 0.479 0.458 0.409 0.354                                                                  
   0. 0.005 0.013 0.020 0.028 0.036 0.044 0.052 0.061 0.070 0.080 0.091 0.103 0.115 0.129 0.145 0.162 0.182 0.205 0.230 0.260 0.294 0.333 0.375 0.418 0.456 0.477 0.466 0.422 0.368                                                                  
   0. 0.005 0.013 0.020 0.027 0.035 0.043 0.052 0.060 0.070 0.079 0.090 0.101 0.114 0.128 0.143 0.160 0.179 0.201 0.226 0.254 0.287 0.324 0.365 0.407 0.447 0.472 0.471 0.435 0.382 0.330                                                            
   0. 0.005 0.012 0.020 0.027 0.035 0.043 0.051 0.060 0.069 0.079 0.089 0.100 0.113 0.126 0.141 0.157 0.176 0.197 0.221 0.249 0.280 0.316 0.355 0.397 0.437 0.467 0.473 0.446 0.396 0.343                                                            
   0. 0.005 0.012 0.020 0.027 0.035 0.043 0.051 0.059 0.068 0.078 0.088 0.099 0.111 0.124 0.139 0.155 0.173 0.193 0.217 0.243 0.274 0.308 0.346 0.387 0.427 0.460 0.473 0.454 0.409 0.356                                                            
   0. 0.005 0.012 0.019 0.027 0.034 0.042 0.050 0.059 0.068 0.077 0.087 0.098 0.110 0.123 0.137 0.153 0.170 0.190 0.213 0.238 0.268 0.301 0.338 0.378 0.418 0.452 0.471 0.460 0.420 0.369 0.319                                                      
   0. 0.005 0.012 0.019 0.027 0.034 0.042 0.050 0.058 0.067 0.076 0.086 0.097 0.109 0.121 0.135 0.151 0.168 0.187 0.209 0.234 0.262 0.294 0.330 0.369 0.409 0.444 0.467 0.464 0.431 0.382 0.332                                                      
   0. 0.005 0.012 0.019 0.026 0.034 0.042 0.050 0.058 0.067 0.076 0.086 0.096 0.108 0.120 0.134 0.149 0.165 0.184 0.205 0.229 0.257 0.288 0.322 0.360 0.400 0.436 0.462 0.466 0.441 0.394 0.344                                                      
   0. 0.005 0.012 0.019 0.026 0.034 0.041 0.049 0.057 0.066 0.075 0.085 0.095 0.107 0.119 0.132 0.147 0.163 0.181 0.202 0.225 0.252 0.282 0.315 0.352 0.391 0.428 0.457 0.467 0.448 0.405 0.356 0.308                                                
   0. 0.005 0.012 0.019 0.026 0.033 0.041 0.049 0.057 0.066 0.075 0.084 0.094 0.106 0.118 0.131 0.145 0.161 0.179 0.199 0.221 0.247 0.276 0.309 0.344 0.382 0.419 0.450 0.465 0.454 0.416 0.367 0.320                                                
   0. 0.005 0.012 0.019 0.026 0.033 0.041 0.049 0.057 0.065 0.074 0.084 0.094 0.105 0.116 0.129 0.143 0.159 0.176 0.196 0.218 0.243 0.271 0.302 0.337 0.374 0.411 0.443 0.462 0.458 0.426 0.379 0.331                                                
   0. 0.005 0.012 0.019 0.026 0.033 0.040 0.048 0.056 0.065 0.073 0.083 0.093 0.104 0.115 0.128 0.142 0.157 0.174 0.193 0.214 0.239 0.266 0.296 0.330 0.366 0.403 0.436 0.459 0.460 0.435 0.390 0.342 0.297                                          
   0. 0.005 0.012 0.019 0.026 0.033 0.040 0.048 0.056 0.064 0.073 0.082 0.092 0.103 0.114 0.127 0.140 0.155 0.172 0.190 0.211 0.235 0.261 0.291 0.324 0.359 0.395 0.429 0.454 0.461 0.442 0.401 0.353 0.307                                          
   0. 0.005 0.012 0.018 0.025 0.033 0.040 0.048 0.055 0.064 0.072 0.082 0.091 0.102 0.113 0.125 0.139 0.153 0.170 0.188 0.208 0.231 0.257 0.285 0.317 0.352 0.388 0.422 0.449 0.460 0.447 0.411 0.364 0.318                                          
   0. 0.005 0.012 0.018 0.025 0.032 0.040 0.047 0.055 0.063 0.072 0.081 0.091 0.101 0.112 0.124 0.137 0.152 0.168 0.185 0.205 0.227 0.252 0.280 0.311 0.345 0.380 0.415 0.443 0.458 0.451 0.420 0.374 0.311 0.285                                    
   0. 0.005 0.011 0.018 0.025 0.032 0.040 0.047 0.055 0.063 0.071 0.080 0.090 0.100 0.111 0.123 0.136 0.150 0.166 0.183 0.202 0.224 0.248 0.276 0.306 0.339 0.373 0.408 0.437 0.456 0.454 0.428 0.384 0.339 0.295                                    
                        0.025 0.032 0.039 0.047 0.054 0.063 0.071 0.080 0.089 0.099 0.100 0.122 0.135 0.149 0.164 0.181 0.200 0.221 0.244 0.271 0.300 0.332 0.367 0.401 0.431 0.452 0.455 0.434 0.394 0.349 0.305                                    
                              0.032 0.039 0.047 0.054 0.062 0.071 0.079 0.089 0.099 0.109 0.121 0.133 0.147 0.162 0.179 0.197 0.218 0.241 0.267 0.295 0.327 0.360 0.394 0.425 0.448 0.455 0.440 0.403 0.359 0.315                                    
                                    0.039 0.046 0.054 0.062 0.070 0.079 0.088 0.098 0.109 0.120 0.132 0.146 0.160 0.177 0.195 0.215 0.237 0.262 0.290 0.321 0.354 0.387 0.419 0.444 0.455 0.444 0.412 0.368 0.324 0.282                              
                                          0.046 0.054 0.061 0.070 0.078 0.088 0.097 0.108 0.119 0.131 0.144 0.159 0.175 0.192 0.212 0.234 0.259 0.286 0.316 0.348 0.381 0.412 0.439 0.453 0.447 0.420 0.378 0.334 0.292                              
                                                0.053 0.061 0.069 0.078 0.087 0.097 0.107 0.118 0.130 0.143 0.157 0.173 0.190 0.209 0.231 0.255 0.281 0.310 0.342 0.374 0.406 0.434 0.450 0.449 0.426 0.387 0.343 0.301                              
                                                      0.061 0.069 0.078 0.087 0.096 0.106 0.117 0.129 0.142 0.156 0.171 0.188 0.207 0.228 0.251 0.277 0.305 0.336 0.368 0.400 0.428 0.447 0.450 0.432 0.395 0.352 0.310                              
                                                            0.069 0.077 0.086 0.095 0.106 0.116 0.128 0.141 0.154 0.169 0.186 0.205 0.225 0.248 0.273 0.301 0.331 0.362 0.394 0.423 0.444 0.450 0.437 0.403 0.361 0.319 0.279                        
                                                            0.068 0.077 0.086 0.095 0.105 0.116 0.127 0.139 0.153 0.168 0.184 0.202 0.222 0.244 0.269 0.296 0.326 0.357 0.388 0.417 0.440 0.449 0.440 0.411 0.370 0.328 0.288                        
                                                                  0.076 0.085 0.094 0.104 0.115 0.126 0.138 0.152 0.166 0.182 0.200 0.220 0.241 0.265 0.292 0.321 0.351 0.382 0.412 0.436 0.448 0.443 0.418 0.378 0.336 0.296                        
                                                                  0.076 0.085 0.094 0.104 0.114 0.125 0.137 0.150 0.165 0.181 0.198 0.217 0.238 0.262 0.288 0.316 0.346 0.377 0.406 0.431 0.446 0.444 0.423 0.387 0.345 0.305                        
                                                                        0.084 0.093 0.103 0.113 0.124 0.136 0.149 0.163 0.179 0.196 0.215 0.236 0.259 0.284 0.311 0.341 0.371 0.401 0.426 0.443 0.445 0.428 0.394 0.353 0.313 0.274                  
                                                                        0.084 0.093 0.102 0.113 0.123 0.135 0.148 0.162 0.177 0.194 0.212 0.233 0.255 0.280 0.307 0.336 0.366 0.396 0.422 0.440 0.445 0.432 0.402 0.361 0.321 0.282                  
                                                                              0.092 0.102 0.112 0.123 0.134 0.147 0.161 0.176 0.192 0.210 0.230 0.252 0.276 0.303 0.331 0.361 0.390 0.417 0.437 0.445 0.436 0.408 0.369 0.329 0.290                  
                                                                              0.092 0.101 0.111 0.122 0.133 0.146 0.159 0.174 0.190 0.208 0.228 0.249 0.273 0.299 0.327 0.356 0.385 0.412 0.433 0.444 0.438 0.414 0.377 0.337 0.298 0.261            
                                                                                    0.101 0.111 0.121 0.133 0.145 0.158 0.173 0.188 0.206 0.225 0.246 0.270 0.295 0.322 0.351 0.380 0.407 0.430 0.442 0.440 0.419 0.385 0.345 0.306 0.269            
                                                                                    0.100 0.110 0.120 0.132 0.144 0.157 0.171 0.187 0.204 0.223 0.244 0.266 0.291 0.318 0.346 0.375 0.403 0.426 0.440 0.441 0.424 0.392 0.352 0.314 0.277            
                                                                                          0.109 0.120 0.131 0.143 0.156 0.170 0.185 0.202 0.221 0.241 0.263 0.288 0.314 0.342 0.370 0.398 0.422 0.438 0.441 0.427 0.398 0.360 0.321 0.284 0.249      
                                                                                          0.109 0.119 0.130 0.142 0.155 0.169 0.184 0.200 0.218 0.238 0.260 0.284 0.310 0.338 0.366 0.393 0.417 0.435 0.441 0.430 0.404 0.367 0.329 0.291 0.256      
                                                                                                0.118 0.129 0.141 0.154 0.167 0.182 0.198 0.216 0.236 0.258 0.281 0.306 0.333 0.361 0.389 0.413 0.432 0.440 0.433 0.409 0.374 0.336 0.299 0.263      
                                                                                                0.118 0.128 0.140 0.153 0.166 0.181 0.197 0.214 0.234 0.255 0.278 0.303 0.329 0.357 0.384 0.409 0.429 0.439 0.435 0.414 0.381 0.343 0.306 0.270      
                                                                                                0.117 0.128 0.139 0.152 0.165 0.179 0.195 0.212 0.231 0.252 0.275 0.299 0.325 0.353 0.380 0.405 0.425 0.437 0.436 0.418 0.387 0.350 0.313 0.277      
                                                                                                      0.127 0.138 0.151 0.164 0.178 0.194 0.211 0.229 0.250 0.272 0.296 0.322 0.348 0.375 0.401 0.422 0.435 0.436 0.422 0.393 0.357 0.320 0.284 0.250
                                                                                                      0.126 0.138 0.150 0.163 0.177 0.192 0.209 0.227 0.247 0.269 0.293 0.318 0.344 0.371 0.397 0.418 0.433 0.437 0.425 0.399 0.364 0.327 0.291 0.257
                                                                                                      0.126 0.137 0.149 0.162 0.175 0.191 0.207 0.225 0.245 0.266 0.289 0.314 0.340 0.367 0.392 0.415 0.431 0.436 0.428 0.404 0.370 0.333 0.298 0.263
                                                                                                            0.136 0.148 0.160 0.174 0.189 0.205 0.223 0.243 0.264 0.286 0.311 0.337 0.363 0.388 0.411 0.428 0.436 0.429 0.409 0.376 0.340 0.304 0.270
                                                                                                            0.135 0.147 0.159 0.173 0.188 0.204 0.221 0.240 0.261 0.284 0.308 0.333 0.359 0.384 0.407 0.425 0.434 0.431 0.413 0.382 0.347 0.311 0.277
                                                                                                            0.135 0.146 0.158 0.172 0.186 0.202 0.219 0.238 0.259 0.281 0.304 0.329 0.355 0.380 0.404 0.423 0.433 0.432 0.416 0.388 0.353 0.317 0.283
                                                                                                                  0.145 0.158 0.171 0.185 0.201 0.218 0.236 0.256 0.278 0.301 0.326 0.351 0.377 0.400 0.420 0.431 0.432 0.419 0.393 0.359 0.324 0.289
                                                                                                                  0.144 0.157 0.170 0.184 0.199 0.216 0.234 0.254 0.275 0.298 0.322 0.348 0.373 0.396 0.416 0.430 0.432 0.422 0.398 0.365 0.330 0.296
                                                                                                                  0.144 0.156 0.169 0.183 0.198 0.214 0.232 0.252 0.273 0.295 0.319 0.344 0.369 0.393 0.413 0.428 0.432 0.424 0.402 0.371 0.336 0.302
                                                                                                                        0.155 0.168 0.181 0.196 0.213 0.230 0.249 0.270 0.292 0.316 0.341 0.365 0.389 0.410 0.425 0.432 0.426 0.406 0.377 0.342 0.308
                                                                                                                        0.154 0.167 0.180 0.195 0.211 0.228 0.247 0.268 0.290 0.313 0.337 0.362 0.386 0.407 0.423 0.431 0.427 0.410 0.382 0.348 0.314
                                                                                                                        0.153 0.166 0.179 0.194 0.210 0.227 0.245 0.265 0.287 0.310 0.334 0.358 0.382 0.404 0.420 0.430 0.428 0.413 0.387 0.354 0.320
                                                                                                                              0.165 0.178 0.192 0.208 0.225 0.243 0.263 0.284 0.307 0.331 0.355 0.379 0.400 0.418 0.428 0.428 0.416 0.391 0.359 0.325
                                                                                                                              0.164 0.177 0.191 0.207 0.223 0.241 0.261 0.282 0.304 0.328 0.352 0.375 0.397 0.415 0.427 0.429 0.418 0.396 0.365 0.331
                                                                                                                              0.163 0.176 0.190 0.205 0.222 0.240 0.259 0.280 0.302 0.325 0.348 0.372 0.394 0.413 0.425 0.428 0.420 0.400 0.370 0.337
                                                                                                                                    0.175 0.189 0.204 0.220 0.238 0.257 0.277 0.299 0.322 0.345 0.369 0.391 0.410 0.423 0.428 0.422 0.403 0.375 0.342
                                                                                                                                    0.174 0.188 0.203 0.219 0.236 0.255 0.275 0.296 0.319 0.342 0.365 0.388 0.407 0.421 0.427 0.423 0.407 0.380 0.348
                                                                                                                                    0.173 0.187 0.201 0.217 0.234 0.253 0.273 0.294 0.316 0.339 0.362 0.384 0.404 0.419 0.427 0.424 0.409 0.384 0.353
                                                                                                                                    0.172 0.186 0.200 0.216 0.233 0.251 0.270 0.291 0.313 0.336 0.359 0.381 0.401 0.417 0.425 0.424 0.412 0.389 0.358
                                                                                                                                          0.185 0.199 0.214 0.231 0.249 0.268 0.289 0.311 0.333 0.356 0.378 0.398 0.415 0.424 0.425 0.414 0.393 0.363
                                                                                                                                          0.184 0.198 0.213 0.230 0.247 0.266 0.287 0.308 0.331 0.353 0.375 0.396 0.412 0.423 0.425 0.416 0.396 0.368
                                                                                                                                          0.183 0.197 0.212 0.228 0.246 0.264 0.284 0.306 0.328 0.350 0.372 0.393 0.410 0.421 0.425 0.418 0.399 0.372
                                                                                                                                          0.182 0.196 0.210 0.227 0.244 0.262 0.282 0.303 0.325 0.347 0.369 0.390 0.407 0.420 0.424 0.419 0.402 0.377
                                                                                                                                                0.194 0.209 0.225 0.242 0.261 0.280 0.301 0.323 0.345 0.367 0.387 0.405 0.418 0.424 0.420 0.405 0.381
                                                                                                                                                0.193 0.208 0.224 0.241 0.259 0.278 0.299 0.320 0.342 0.364 0.384 0.402 0.416 0.423 0.421 0.408 0.385
                                                                                                                                                0.192 0.207 0.222 0.239 0.257 0.276 0.296 0.317 0.339 0.361 0.382 0.400 0.414 0.422 0.421 0.410 0.389
                                                                                                                                                0.191 0.206 0.221 0.238 0.255 0.274 0.294 0.315 0.337 0.358 0.379 0.397 0.412 0.421 0.421 0.412 0.392
                                                                                                                                                      0.205 0.220 0.236 0.254 0.272 0.292 0.313 0.334 0.355 0.376 0.395 0.410 0.420 0.421 0.413 0.395
                                                                                                                                                      0.203 0.219 0.235 0.252 0.270 0.290 0.310 0.332 0.353 0.374 0.392 0.408 0.418 0.421 0.415 0.398
                                                                                                                                                      0.202 0.217 0.233 0.250 0.269 0.288 0.308 0.329 0.350 0.371 0.390 0.406 0.417 0.421 0.416 0.401
                                                                                                                                                      0.201 0.216 0.232 0.249 0.267 0.286 0.306 0.327 0.348 0.368 0.388 0.404 0.415 0.420 0.417 0.403
                                                                                                                                                            0.215 0.231 0.247 0.265 0.284 0.304 0.324 0.345 0.366 0.385 0.402 0.414 0.420 0.417 0.405
                                                                                                                                                            0.214 0.229 0.246 0.263 0.282 0.302 0.322 0.343 0.363 0.383 0.399 0.412 0.419 0.418 0.407
                                                                                                                                                            0.213 0.228 0.244 0.262 0.280 0.300 0.320 0.340 0.361 0.380 0.397 0.411 0.418 0.418 0.409
                                                                                                                                                            0.212 0.227 0.243 0.260 0.278 0.298 0.318 0.338 0.358 0.378 0.395 0.409 0.417 0.418 0.410
                                                                                                                                                                  0.226 0.242 0.259 0.277 0.296 0.316 0.336 0.356 0.375 0.393 0.407 0.416 0.418 0.411
                                                                                                                                                                  0.224 0.240 0.257 0.275 0.294 0.313 0.334 0.354 0.373 0.391 0.405 0.415 0.418 0.412
                                                                                                                                                                  0.223 0.239 0.256 0.273 0.292 0.311 0.331 0.351 0.371 0.388 0.403 0.414 0.417 0.413
                                                                                                                                                                  0.222 0.238 0.254 0.272 0.290 0.309 0.329 0.349 0.368 0.386 0.401 0.412 0.417 0.414
                                                                                                                                                                        0.236 0.253 0.270 0.288 0.308 0.327 0.347 0.366 0.384 0.399 0.411 0.416 0.414
                                                                                                                                                                        0.235 0.251 0.269 0.287 0.306 0.325 0.345 0.364 0.382 0.398 0.409 0.416 0.415
                                                                                                                                                                        0.234 0.250 0.267 0.285 0.304 0.323 0.343 0.362 0.380 0.396 0.408 0.415 0.415
                                                                                                                                                                        0.233 0.249 0.266 0.283 0.302 0.321 0.340 0.360 0.378 0.394 0.406 0.414 0.415
                                                                                                                                                                        0.232 0.247 0.264 0.282 0.300 0.319 0.338 0.357 0.376 0.392 0.405 0.413 0.415
                                                                                                                                                                              0.246 0.263 0.280 0.298 0.317 0.336 0.355 0.373 0.390 0.403 0.412 0.415
                                                                                                                                                                              0.245 0.261 0.279 0.297 0.315 0.334 0.353 0.371 0.388 0.401 0.411 0.414
                                                                                                                                                                              0.244 0.260 0.277 0.295 0.313 0.332 0.351 0.369 0.386 0.400 0.410 0.414
                                                                                                                                                                              0.243 0.259 0.276 0.293 0.312 0.330 0.349 0.367 0.384 0.398 0.408 0.413
                                                                                                                                                                              0.241 0.257 0.274 0.292 0.310 0.329 0.347 0.365 0.382 0.396 0.407 0.413
                                                                                                                                                                                    0.256 0.273 0.290 0.308 0.327 0.345 0.363 0.380 0.395 0.406 0.412
                                                                                                                                                                                    0.255 0.271 0.289 0.307 0.325 0.343 0.361 0.378 0.393 0.404 0.411
                                                                                                                                                                                    0.254 0.270 0.287 0.305 0.323 0.341 0.359 0.376 0.391 0.403 0.410
                                                                                                                                                                                    0.252 0.269 0.286 0.303 0.321 0.340 0.357 0.374 0.390 0.402 0.409
                                                                                                                                                                                    0.251 0.267 0.284 0.302 0.320 0.338 0.356 0.373 0.388 0.400 0.409
                                                                                                                                                                                          0.266 0.283 0.300 0.318 0.336 0.354 0.371 0.386 0.399 0.407
                                                                                                                                                                                          0.265 0.281 0.299 0.316 0.334 0.352 0.369 0.384 0.397 0.406
                                                                                                                                                                                          0.263 0.280 0.297 0.315 0.332 0.350 0.367 0.383 0.396 0.405
                                                                                                                                                                                          0.262 0.279 0.296 0.313 0.331 0.348 0.365 0.381 0.394 0.404
                                                                                                                                                                                          0.261 0.277 0.294 0.311 0.329 0.347 0.364 0.379 0.393 0.403
                                                                                                                                                                                                0.276 0.293 0.310 0.327 0.345 0.362 0.378 0.391 0.402
                                                                                                                                                                                                0.275 0.291 0.308 0.326 0.343 0.360 0.376 0.390 0.401
                                                                                                                                                                                                0.273 0.290 0.307 0.324 0.342 0.358 0.374 0.388 0.399
                                                                                                                                                                                                0.272 0.289 0.305 0.323 0.340 0.357 0.373 0.387 0.398
                                                                                                                                                                                                0.271 0.287 0.304 0.321 0.338 0.355 0.371 0.385 0.397
                                                                                                                                                                                                      0.286 0.303 0.320 0.337 0.353 0.369 0.384 0.396
                                                                                                                                                                                                      0.285 0.301 0.318 0.335 0.352 0.368 0.382 0.394
                                                                                                                                                                                                      0.283 0.300 0.317 0.334 0.350 0.366 0.381 0.393
                                                                                                                                                                                                      0.282 0.299 0.315 0.332 0.349 0.365 0.379 0.392
                                                                                                                                                                                                      0.281 0.297 0.314 0.331 0.347 0.363 0.378 0.390
                                                                                                                                                                                                            0.296 0.312 0.329 0.346 0.361 0.376 0.389
                                                                                                                                                                                                            0.295 0.311 0.328 0.344 0.360 0.375 0.388
                                                                                                                                                                                                            0.293 0.310 0.326 0.343 0.358 0.373 0.386
                                                                                                                                                                                                            0.292 0.308 0.325 0.341 0.357 0.372 0.385
                                                                                                                                                                                                            0.291 0.307 0.323 0.340 0.355 0.370 0.384
                                                                                                                                                                                                            0.290 0.306 0.322 0.338 0.354 0.369 0.382
                                                                                                                                                                                                                  0.304 0.321 0.337 0.352 0.367 0.381
                                                                                                                                                                                                                  0.303 0.319 0.335 0.351 0.366 0.380
                                                                                                                                                                                                                  0.302 0.318 0.334 0.350 0.365 0.378
                                                                                                                                                                                                                  0.301 0.317 0.333 0.348 0.363 0.377
                                                                                                                                                                                                                  0.300 0.315 0.331 0.347 0.362 0.376
                                                                                                                                                                                                                  0.298 0.314 0.330 0.345 0.360 0.374
                                                                                                                                                                                                                        0.313 0.329 0.344 0.359 0.373
                                                                                                                                                                                                                        0.312 0.327 0.343 0.358 0.372
                                                                                                                                                                                                                        0.311 0.326 0.341 0.356 0.370
                                                                                                                                                                                                                        0.309 0.325 0.340 0.355 0.369
                                                                                                                                                                                                                        0.308 0.324 0.339 0.354 0.368
                                                                                                                                                                                                                        0.307 0.322 0.338 0.352 0.366
                                                                                                                                                                                                                              0.321 0.336 0.351 0.365
                                                                                                                                                                                                                              0.320 0.335 0.350 0.364
                                                                                                                                                                                                                              0.319 0.334 0.349 0.363
                                                                                                                                                                                                                              0.318 0.333 0.347 0.361
                                                                                                                                                                                                                              0.317 0.332 0.346 0.360
                                                                                                                                                                                                                              0.315 0.330 0.345 0.359
                                                                                                                                                                                                                                    0.329 0.344 0.358
                                                                                                                                                                                                                                    0.328 0.343 0.357
                                                                                                                                                                                                                                    0.327 0.341 0.355
                                                                                                                                                                                                                                    0.326 0.340 0.354
                                                                                                                                                                                                                                    0.325 0.339 0.353
                                                                                                                                                                                                                                    0.324 0.338 0.352
                                                                                                                                                                                                                                          0.337 0.351
                                                                                                                                                                                                                                          0.336 0.350
                                                                                                                                                                                                                                          0.335 0.349
                                                                                                                                                                                                                                          0.334 0.348
                                                                                                                                                                                                                                          0.333 0.346
                                                                                                                                                                                                                                          0.332 0.345
                                                                                                                                                                                                                                                0.344
                                                                                                                                                                                                                                                0.343
                                                                                                                                                                                                                                                0.342
                                                                                                                                                                                                                                                0.341
                                                                                                                                                                                                                                                0.340
                                                                                                                                                                                                                                                0.339
                                                                                                                                                                                                                                                0.338
